name,tags,time,PM_10,PM_2_5
feinstaub,,1599098400,PM_10,PM_2_5
feinstaub,,1599102000,PM_10,PM_2_5
feinstaub,,1599105600,PM_10,PM_2_5
feinstaub,,1599109200,PM_10,PM_2_5
feinstaub,,1599112800,PM_10,PM_2_5
feinstaub,,1599116400,PM_10,PM_2_5
feinstaub,,1599120000,PM_10,PM_2_5
feinstaub,,1599123600,PM_10,PM_2_5
feinstaub,,1599127200,PM_10,PM_2_5
feinstaub,,1599130800,PM_10,PM_2_5
feinstaub,,1599134400,PM_10,PM_2_5
feinstaub,,1599138000,PM_10,PM_2_5
feinstaub,,1599141600,PM_10,PM_2_5
feinstaub,,1599145200,PM_10,PM_2_5
feinstaub,,1599148800,PM_10,PM_2_5
feinstaub,,1599152400,PM_10,PM_2_5
feinstaub,,1599156000,PM_10,PM_2_5
feinstaub,,1599159600,PM_10,PM_2_5
feinstaub,,1599163200,PM_10,PM_2_5
feinstaub,,1599166800,PM_10,PM_2_5
feinstaub,,1599170400,PM_10,PM_2_5
feinstaub,,1599174000,PM_10,PM_2_5
feinstaub,,1599177600,PM_10,PM_2_5
feinstaub,,1599181200,PM_10,PM_2_5
feinstaub,,1599184800,PM_10,PM_2_5
feinstaub,,1599188400,PM_10,PM_2_5
feinstaub,,1599192000,PM_10,PM_2_5
feinstaub,,1599195600,PM_10,PM_2_5
feinstaub,,1599199200,PM_10,PM_2_5
feinstaub,,1599202800,PM_10,PM_2_5
feinstaub,,1599206400,PM_10,PM_2_5
feinstaub,,1599210000,PM_10,PM_2_5
feinstaub,,1599213600,PM_10,PM_2_5
feinstaub,,1599217200,PM_10,PM_2_5
feinstaub,,1599220800,PM_10,PM_2_5
feinstaub,,1599224400,PM_10,PM_2_5
feinstaub,,1599228000,PM_10,PM_2_5
feinstaub,,1599231600,PM_10,PM_2_5
feinstaub,,1599235200,PM_10,PM_2_5
feinstaub,,1599238800,PM_10,PM_2_5
feinstaub,,1599242400,PM_10,PM_2_5
feinstaub,,1599246000,PM_10,PM_2_5
feinstaub,,1599249600,PM_10,PM_2_5
feinstaub,,1599253200,PM_10,PM_2_5
feinstaub,,1599256800,PM_10,PM_2_5
feinstaub,,1599260400,PM_10,PM_2_5
feinstaub,,1599264000,PM_10,PM_2_5
feinstaub,,1599267600,PM_10,PM_2_5
feinstaub,,1599271200,PM_10,PM_2_5
feinstaub,,1599274800,PM_10,PM_2_5
feinstaub,,1599278400,PM_10,PM_2_5
feinstaub,,1599282000,PM_10,PM_2_5
feinstaub,,1599285600,PM_10,PM_2_5
feinstaub,,1599289200,PM_10,PM_2_5
feinstaub,,1599292800,PM_10,PM_2_5
feinstaub,,1599296400,PM_10,PM_2_5
feinstaub,,1599300000,PM_10,PM_2_5
feinstaub,,1599303600,PM_10,PM_2_5
feinstaub,,1599307200,PM_10,PM_2_5
feinstaub,,1599310800,PM_10,PM_2_5
feinstaub,,1599314400,PM_10,PM_2_5
feinstaub,,1599318000,PM_10,PM_2_5
feinstaub,,1599321600,PM_10,PM_2_5
feinstaub,,1599325200,PM_10,PM_2_5
feinstaub,,1599328800,PM_10,PM_2_5
feinstaub,,1599332400,PM_10,PM_2_5
feinstaub,,1599336000,PM_10,PM_2_5
feinstaub,,1599339600,PM_10,PM_2_5
feinstaub,,1599343200,PM_10,PM_2_5
feinstaub,,1599346800,PM_10,PM_2_5
feinstaub,,1599350400,PM_10,PM_2_5
feinstaub,,1599354000,PM_10,PM_2_5
feinstaub,,1599357600,PM_10,PM_2_5
feinstaub,,1599361200,PM_10,PM_2_5
feinstaub,,1599364800,PM_10,PM_2_5
feinstaub,,1599368400,PM_10,PM_2_5
feinstaub,,1599372000,PM_10,PM_2_5
feinstaub,,1599375600,PM_10,PM_2_5
feinstaub,,1599379200,PM_10,PM_2_5
feinstaub,,1599382800,10.83076923076923,2.5669230769230773
feinstaub,,1599386400,6.75375,2.174166666666667
feinstaub,,1599390000,5.889600000000001,1.4995999999999998
feinstaub,,1599393600,6.243333333333333,1.7749999999999995
feinstaub,,1599397200,6.403636363636363,1.4890909090909092
feinstaub,,1599400800,7.023750000000001,1.6891666666666671
feinstaub,,1599404400,7.4725,1.7675
feinstaub,,1599408000,8.666363636363638,2.151818181818182
feinstaub,,1599411600,16.097916666666666,3.9083333333333337
feinstaub,,1599415200,10.35695652173913,3.3426086956521743
feinstaub,,1599418800,12.633478260869568,3.8986956521739136
feinstaub,,1599422400,10.90625,3.118333333333334
feinstaub,,1599426000,12.063999999999998,3.653999999999999
feinstaub,,1599429600,12.689583333333333,3.8016666666666663
feinstaub,,1599433200,13.096666666666664,4.190833333333333
feinstaub,,1599436800,12.213333333333336,3.9641666666666673
feinstaub,,1599440400,12.462399999999997,3.9791999999999996
feinstaub,,1599444000,11.844583333333333,3.9308333333333336
feinstaub,,1599447600,11.131249999999996,3.715833333333333
feinstaub,,1599451200,10.18391304347826,3.4960869565217383
feinstaub,,1599454800,14.63764705882353,4.669411764705882
feinstaub,,1599458400,11.879166666666668,5.101666666666667
feinstaub,,1599462000,9.9028,3.8716000000000004
feinstaub,,1599465600,9.907499999999997,3.6662500000000002
feinstaub,,1599469200,10.9108,3.8456
feinstaub,,1599472800,9.154166666666665,2.6950000000000003
feinstaub,,1599476400,4.689166666666667,1.428333333333333
feinstaub,,1599480000,5.160833333333332,1.5433333333333332
feinstaub,,1599483600,4.583600000000001,1.5012
feinstaub,,1599487200,6.099130434782608,1.813478260869565
feinstaub,,1599490800,5.805000000000001,1.682083333333333
feinstaub,,1599494400,5.1478947368421055,1.4115789473684208
feinstaub,,1599498000,14.109090909090906,7.801363636363633
feinstaub,,1599501600,5.882400000000001,1.5448
feinstaub,,1599505200,6.735217391304348,1.571304347826087
feinstaub,,1599508800,5.619600000000002,1.5864000000000003
feinstaub,,1599512400,6.785416666666666,1.8941666666666668
feinstaub,,1599516000,7.225599999999999,2.3051999999999997
feinstaub,,1599519600,8.2708,2.7239999999999998
feinstaub,,1599523200,8.932083333333333,2.5533333333333332
feinstaub,,1599526800,9.521428571428569,2.415238095238095
feinstaub,,1599530400,9.838,2.5839999999999996
feinstaub,,1599534000,8.64625,2.34
feinstaub,,1599537600,7.136,2.1085000000000003
feinstaub,,1599541200,8.133499999999998,2.114
feinstaub,,1599544800,7.940526315789474,2.31
feinstaub,,1599548400,9.673200000000001,3.4796000000000005
feinstaub,,1599552000,13.285454545454547,4.720454545454545
feinstaub,,1599555600,9.315238095238097,2.634761904761904
feinstaub,,1599559200,8.351052631578947,2.3910526315789475
feinstaub,,1599562800,7.325217391304347,2.0739130434782616
feinstaub,,1599566400,6.673157894736843,2.0121052631578946
feinstaub,,1599570000,8.33842105263158,2.3031578947368416
feinstaub,,1599573600,9.64125,2.289583333333333
feinstaub,,1599577200,12.618400000000001,2.932
feinstaub,,1599580800,13.862608695652172,3.2952173913043477
feinstaub,,1599584400,15.280416666666667,3.3716666666666666
feinstaub,,1599588000,14.975600000000002,4.056000000000001
feinstaub,,1599591600,13.016956521739132,3.279565217391305
feinstaub,,1599595200,12.8528,3.3884
feinstaub,,1599598800,13.164583333333335,3.85875
feinstaub,,1599602400,6.177599999999999,2.27
feinstaub,,1599606000,2.362083333333332,0.83
feinstaub,,1599609600,3.32,1.1184
feinstaub,,1599613200,4.917199999999999,1.702
feinstaub,,1599616800,9.106666666666667,3.4966666666666666
feinstaub,,1599620400,6.6228,2.5652
feinstaub,,1599624000,4.786956521739131,1.6947826086956526
feinstaub,,1599627600,6.402500000000001,2.589166666666667
feinstaub,,1599631200,10.098,3.4375
feinstaub,,1599634800,11.119166666666667,4.026666666666667
feinstaub,,1599638400,8.323333333333332,2.3320833333333333
feinstaub,,1599642000,7.759090909090907,1.845454545454546
feinstaub,,1599645600,6.864,1.5985
feinstaub,,1599649200,6.643809523809523,1.7128571428571429
feinstaub,,1599652800,7.033913043478261,2.0595652173913046
feinstaub,,1599656400,8.317826086956522,3.3386956521739126
feinstaub,,1599660000,10.676086956521742,3.3739130434782605
feinstaub,,1599663600,9.37,2.912105263157894
feinstaub,,1599667200,7.542857142857144,2.9014285714285712
feinstaub,,1599670800,6.704347826086957,2.774782608695652
feinstaub,,1599674400,7.799545454545453,3.2559090909090913
feinstaub,,1599678000,6.565217391304348,2.6878260869565214
feinstaub,,1599681600,7.8448,2.4391999999999996
feinstaub,,1599685200,9.670833333333334,1.955
feinstaub,,1599688800,11.414166666666665,2.37375
feinstaub,,1599692400,10.415238095238093,2.440952380952381
feinstaub,,1599696000,10.45681818181818,2.1540909090909084
feinstaub,,1599699600,9.572272727272727,1.8549999999999998
feinstaub,,1599703200,9.18608695652174,1.921739130434783
feinstaub,,1599706800,9.432272727272727,1.9759090909090908
feinstaub,,1599710400,13.719473684210527,2.8836842105263156
feinstaub,,1599714000,14.121,2.9384999999999994
feinstaub,,1599717600,17.119999999999997,4.242222222222221
feinstaub,,1599721200,17.069583333333334,3.850833333333334
feinstaub,,1599724800,15.319999999999997,3.741428571428572
feinstaub,,1599728400,13.120434782608697,3.2756521739130435
feinstaub,,1599732000,13.020000000000001,3.31
feinstaub,,1599735600,13.136363636363637,4.447727272727272
feinstaub,,1599739200,12.992916666666666,3.4966666666666666
feinstaub,,1599742800,12.375833333333338,3.311666666666666
feinstaub,,1599746400,12.159999999999998,2.9654166666666675
feinstaub,,1599750000,14.875714285714285,3.513333333333334
feinstaub,,1599753600,11.819565217391306,3.1191304347826083
feinstaub,,1599757200,10.855652173913041,2.9356521739130432
feinstaub,,1599760800,11.004166666666668,2.8570833333333336
feinstaub,,1599764400,11.035238095238093,3.1471428571428572
feinstaub,,1599768000,11.948666666666666,3.9406666666666674
feinstaub,,1599771600,13.13,3.998235294117647
feinstaub,,1599775200,12.347,4.108
feinstaub,,1599778800,12.745000000000001,4.7993749999999995
feinstaub,,1599782400,14.599047619047619,5.476666666666667
feinstaub,,1599786000,15.365000000000002,6.196666666666667
feinstaub,,1599789600,16.121111111111112,6.188888888888889
feinstaub,,1599793200,15.71157894736842,6.437368421052632
feinstaub,,1599796800,15.148636363636365,5.919999999999999
feinstaub,,1599800400,14.394,6.221500000000001
feinstaub,,1599804000,15.387142857142859,6.133333333333334
feinstaub,,1599807600,19.921363636363637,8.215909090909092
feinstaub,,1599811200,20.8075,7.315416666666667
feinstaub,,1599814800,21.413333333333334,8.094444444444443
feinstaub,,1599818400,18.939500000000002,6.9235
feinstaub,,1599822000,15.003333333333334,4.368571428571428
feinstaub,,1599825600,13.111304347826085,4.416521739130434
feinstaub,,1599829200,11.7165,3.1069999999999998
feinstaub,,1599832800,11.737272727272728,3.146363636363637
feinstaub,,1599836400,12.260952380952379,3.5176190476190476
feinstaub,,1599840000,9.276842105263158,2.4768421052631577
feinstaub,,1599843600,10.286923076923078,2.503076923076923
feinstaub,,1599847200,12.029374999999998,2.828125
feinstaub,,1599850800,12.330588235294115,3.1741176470588237
feinstaub,,1599854400,11.175294117647057,3.5082352941176467
feinstaub,,1599858000,13.639545454545454,4.423636363636363
feinstaub,,1599861600,10.918750000000001,3.9600000000000004
feinstaub,,1599865200,11.547272727272727,4.375454545454546
feinstaub,,1599868800,12.57736842105263,5.165789473684211
feinstaub,,1599872400,10.75125,4.9468749999999995
feinstaub,,1599876000,9.187368421052632,4.067894736842105
feinstaub,,1599879600,9.514761904761906,4.396666666666667
feinstaub,,1599883200,10.766666666666667,4.762777777777777
feinstaub,,1599886800,10.916,4.971333333333334
feinstaub,,1599890400,10.58294117647059,4.453529411764706
feinstaub,,1599894000,10.233499999999998,3.532000000000001
feinstaub,,1599897600,11.303500000000001,2.5814999999999997
feinstaub,,1599901200,8.664117647058823,2.2511764705882356
feinstaub,,1599904800,8.264999999999999,2.2294999999999994
feinstaub,,1599908400,7.863913043478262,2.178695652173913
feinstaub,,1599912000,7.325909090909092,2.3077272727272726
feinstaub,,1599915600,6.642083333333335,1.8283333333333334
feinstaub,,1599919200,6.8795652173913036,2.2347826086956526
feinstaub,,1599922800,7.301052631578948,2.0842105263157897
feinstaub,,1599926400,9.884166666666667,2.5070833333333327
feinstaub,,1599930000,14.664347826086958,4.344347826086956
feinstaub,,1599933600,13.647916666666665,3.3124999999999996
feinstaub,,1599937200,13.256666666666666,3.14047619047619
feinstaub,,1599940800,14.22,3.1904347826086954
feinstaub,,1599944400,17.996,5.3564
feinstaub,,1599948000,15.828333333333331,5.1120833333333335
feinstaub,,1599951600,13.974399999999996,3.3956000000000004
feinstaub,,1599955200,14.751739130434784,4.503043478260869
feinstaub,,1599958800,15.168333333333335,4.841666666666666
feinstaub,,1599962400,18.700416666666666,5.412499999999999
feinstaub,,1599966000,19.65416666666667,5.045833333333333
feinstaub,,1599969600,17.962500000000006,4.908499999999999
feinstaub,,1599973200,15.548000000000002,5.6579999999999995
feinstaub,,1599976800,11.631578947368423,5.5815789473684205
feinstaub,,1599980400,13.67333333333334,3.3737500000000007
feinstaub,,1599984000,10.56869565217391,3.112173913043479
feinstaub,,1599987600,8.016250000000001,1.8999999999999997
feinstaub,,1599991200,7.472,1.8119999999999996
feinstaub,,1599994800,8.31608695652174,2.0669565217391304
feinstaub,,1599998400,9.420869565217393,3.0556521739130433
feinstaub,,1600002000,8.5616,2.2883999999999998
feinstaub,,1600005600,8.28695652173913,1.8499999999999999
feinstaub,,1600009200,6.467600000000001,1.6555999999999997
feinstaub,,1600012800,5.645833333333333,1.5025000000000002
feinstaub,,1600016400,5.130416666666667,1.4091666666666665
feinstaub,,1600020000,7.04,2.425833333333333
feinstaub,,1600023600,7.492631578947369,2.451052631578947
feinstaub,,1600027200,10.756521739130434,3.8982608695652172
feinstaub,,1600030800,11.903636363636364,4.9340909090909095
feinstaub,,1600034400,10.761666666666665,4.211666666666667
feinstaub,,1600038000,9.622916666666667,3.924583333333333
feinstaub,,1600041600,6.714285714285713,3.21
feinstaub,,1600045200,5.836666666666668,2.691333333333333
feinstaub,,1600048800,4.503200000000001,1.862
feinstaub,,1600052400,6.4943478260869565,2.762608695652174
feinstaub,,1600056000,14.101875000000001,5.762499999999999
feinstaub,,1600059600,14.622857142857141,6.212142857142858
feinstaub,,1600063200,21.482727272727274,10.106363636363637
feinstaub,,1600066800,17.76260869565217,8.547826086956523
feinstaub,,1600070400,9.014999999999999,3.9749999999999996
feinstaub,,1600074000,8.15809523809524,3.1490476190476193
feinstaub,,1600077600,9.090555555555556,2.4988888888888887
feinstaub,,1600081200,8.450869565217392,2.3434782608695657
feinstaub,,1600084800,8.514583333333334,3.3683333333333327
feinstaub,,1600088400,7.153809523809522,2.296666666666667
feinstaub,,1600092000,6.7004166666666665,1.9595833333333335
feinstaub,,1600095600,9.021999999999998,3.2384000000000004
feinstaub,,1600099200,5.734583333333334,1.8179166666666668
feinstaub,,1600102800,8.054583333333335,2.8837500000000005
feinstaub,,1600106400,10.604782608695652,4.058260869565218
feinstaub,,1600110000,17.09541666666667,6.8187500000000005
feinstaub,,1600113600,18.875833333333333,6.6116666666666655
feinstaub,,1600117200,32.83571428571429,17.725714285714286
feinstaub,,1600120800,28.616666666666667,16.644761904761904
feinstaub,,1600124400,32.50041666666667,18.413749999999997
feinstaub,,1600128000,34.02791666666668,19.061249999999998
feinstaub,,1600131600,33.327916666666674,19.750000000000004
feinstaub,,1600135200,26.330400000000004,15.713600000000001
feinstaub,,1600138800,29.348695652173912,17.270000000000003
feinstaub,,1600142400,42.73812499999999,25.784375
feinstaub,,1600146000,34.043,20.199
feinstaub,,1600149600,30.385652173913048,17.85391304347826
feinstaub,,1600153200,37.53347826086957,21.691304347826087
feinstaub,,1600156800,30.16416666666667,18.655416666666664
feinstaub,,1600160400,23.086799999999997,13.192800000000002
feinstaub,,1600164000,16.022000000000002,7.2707999999999995
feinstaub,,1600167600,10.22304347826087,3.4560869565217387
feinstaub,,1600171200,9.10666666666667,3.03875
feinstaub,,1600174800,9.64,3.1724
feinstaub,,1600178400,15.867916666666666,4.6120833333333335
feinstaub,,1600182000,16.0384,7.343599999999998
feinstaub,,1600185600,14.035200000000005,5.3916
feinstaub,,1600189200,12.910833333333334,5.782916666666666
feinstaub,,1600192800,17.059583333333332,7.68625
feinstaub,,1600196400,14.278750000000002,6.142916666666667
feinstaub,,1600200000,14.278750000000002,6.142916666666667
feinstaub,,1600203600,14.278750000000002,6.142916666666667
feinstaub,,1600207200,14.278750000000002,6.142916666666667
feinstaub,,1600210800,14.278750000000002,6.142916666666667
feinstaub,,1600214400,14.278750000000002,6.142916666666667
feinstaub,,1600218000,14.278750000000002,6.142916666666667
feinstaub,,1600221600,14.278750000000002,6.142916666666667
feinstaub,,1600225200,14.278750000000002,6.142916666666667
feinstaub,,1600228800,14.278750000000002,6.142916666666667
feinstaub,,1600232400,14.278750000000002,6.142916666666667
feinstaub,,1600236000,14.278750000000002,6.142916666666667
feinstaub,,1600239600,14.278750000000002,6.142916666666667
feinstaub,,1600243200,14.278750000000002,6.142916666666667
feinstaub,,1600246800,14.278750000000002,6.142916666666667
feinstaub,,1600250400,14.278750000000002,6.142916666666667
feinstaub,,1600254000,14.278750000000002,6.142916666666667
feinstaub,,1600257600,14.278750000000002,6.142916666666667
feinstaub,,1600261200,14.278750000000002,6.142916666666667
feinstaub,,1600264800,14.278750000000002,6.142916666666667
feinstaub,,1600268400,14.278750000000002,6.142916666666667
feinstaub,,1600272000,14.278750000000002,6.142916666666667
feinstaub,,1600275600,14.278750000000002,6.142916666666667
feinstaub,,1600279200,14.278750000000002,6.142916666666667
feinstaub,,1600282800,14.278750000000002,6.142916666666667
feinstaub,,1600286400,22.736666666666665,6.303888888888889
feinstaub,,1600290000,28.982083333333332,5.6045833333333315
feinstaub,,1600293600,35.060399999999994,5.361999999999999
feinstaub,,1600297200,31.578400000000002,4.602800000000001
feinstaub,,1600300800,29.973750000000006,4.404166666666666
feinstaub,,1600304400,28.3404,4.2112
feinstaub,,1600308000,27.625199999999996,4.097600000000001
feinstaub,,1600311600,27.313333333333333,4.022083333333334
feinstaub,,1600315200,30.494347826086962,4.228260869565218
feinstaub,,1600318800,35.55727272727273,7.492727272727274
feinstaub,,1600322400,30.360999999999997,4.7764999999999995
feinstaub,,1600326000,31.14958333333333,5.229583333333333
feinstaub,,1600329600,28.679199999999994,4.7492
feinstaub,,1600333200,24.569999999999997,4.0841666666666665
feinstaub,,1600336800,16.696400000000004,3.0128000000000004
feinstaub,,1600340400,12.865454545454549,2.201363636363637
feinstaub,,1600344000,11.757200000000001,2.0816000000000003
feinstaub,,1600347600,13.898333333333339,2.3675
feinstaub,,1600351200,21.866249999999997,5.960416666666667
feinstaub,,1600354800,12.867599999999998,2.5423999999999993
feinstaub,,1600358400,12.639166666666668,2.7258333333333336
feinstaub,,1600362000,12.6292,2.3596
feinstaub,,1600365600,12.069199999999999,2.2908
feinstaub,,1600369200,11.482916666666668,2.2204166666666665
feinstaub,,1600372800,10.790799999999999,2.0944
feinstaub,,1600376400,13.1076,2.3551999999999995
feinstaub,,1600380000,13.662916666666666,2.9595833333333332
feinstaub,,1600383600,13.259200000000003,2.7007999999999996
feinstaub,,1600387200,11.737999999999998,1.9960000000000004
feinstaub,,1600390800,8.495238095238095,1.4938095238095237
feinstaub,,1600394400,10.326666666666666,1.9204166666666664
feinstaub,,1600398000,10.149199999999997,2.0263999999999998
feinstaub,,1600401600,10.08842105263158,1.924736842105263
feinstaub,,1600405200,11.511739130434782,2.851304347826087
feinstaub,,1600408800,16.821249999999996,3.4345833333333338
feinstaub,,1600412400,14.8,2.8295999999999997
feinstaub,,1600416000,13.139200000000002,2.7431999999999994
feinstaub,,1600419600,9.453750000000001,1.6020833333333329
feinstaub,,1600423200,9.486399999999998,1.5471999999999997
feinstaub,,1600426800,9.9116,2.1836
feinstaub,,1600430400,9.3225,1.83
feinstaub,,1600434000,8.90625,1.8904166666666666
feinstaub,,1600437600,11.344999999999997,2.4908333333333332
feinstaub,,1600441200,12.276,2.5667999999999993
feinstaub,,1600444800,15.4428,3.5016
feinstaub,,1600448400,17.88041666666666,3.623750000000001
feinstaub,,1600452000,18.789200000000005,3.970800000000001
feinstaub,,1600455600,20.3075,4.067916666666666
feinstaub,,1600459200,20.216,4.063999999999999
feinstaub,,1600462800,22.092,4.154000000000002
feinstaub,,1600466400,22.07,4.108695652173914
feinstaub,,1600470000,22.16,3.546
feinstaub,,1600473600,20.594347826086956,3.3847826086956525
feinstaub,,1600477200,18.984090909090913,3.3049999999999997
feinstaub,,1600480800,17.678750000000004,2.960833333333333
feinstaub,,1600484400,18.089599999999997,2.8960000000000004
feinstaub,,1600488000,19.31608695652174,3.3530434782608696
feinstaub,,1600491600,23.52590909090908,3.8790909090909094
feinstaub,,1600495200,24.875,4.024583333333333
feinstaub,,1600498800,20.8844,4.001200000000001
feinstaub,,1600502400,16.388749999999998,3.1687500000000006
feinstaub,,1600506000,16.713199999999997,3.1888000000000005
feinstaub,,1600509600,15.878,3.657199999999999
feinstaub,,1600513200,16.619583333333328,3.2729166666666667
feinstaub,,1600516800,15.2612,3.0924
feinstaub,,1600520400,15.0196,3.0279999999999996
feinstaub,,1600524000,14.795833333333334,3.034166666666667
feinstaub,,1600527600,14.8116,2.9408
feinstaub,,1600531200,16.202916666666663,3.452916666666667
feinstaub,,1600534800,19.3044,4.0032
feinstaub,,1600538400,21.268,4.3448
feinstaub,,1600542000,22.074347826086957,4.038260869565218
feinstaub,,1600545600,19.5116,3.6343999999999994
feinstaub,,1600549200,19.681250000000002,3.422916666666667
feinstaub,,1600552800,21.6396,3.7448000000000006
feinstaub,,1600556400,24.502916666666668,4.158333333333333
feinstaub,,1600560000,24.953333333333337,4.27875
feinstaub,,1600563600,29.4212,4.949199999999999
feinstaub,,1600567200,29.86458333333333,5.664583333333333
feinstaub,,1600570800,28.24,5.423600000000001
feinstaub,,1600574400,27.450869565217396,4.746521739130436
feinstaub,,1600578000,28.11590909090909,5.821363636363637
feinstaub,,1600581600,25.505652173913038,4.69782608695652
feinstaub,,1600585200,21.1732,4.108
feinstaub,,1600588800,20.070833333333333,4.2245833333333325
feinstaub,,1600592400,18.2408,3.386
feinstaub,,1600596000,15.080399999999997,3.042800000000001
feinstaub,,1600599600,15.467916666666666,3.0095833333333335
feinstaub,,1600603200,16.2548,3.4988
feinstaub,,1600606800,15.223333333333334,3.1254166666666667
feinstaub,,1600610400,15.106666666666664,3.1137499999999996
feinstaub,,1600614000,16.891599999999997,4.487600000000001
feinstaub,,1600617600,16.9004,5.6264
feinstaub,,1600621200,11.847499999999998,2.4912500000000004
feinstaub,,1600624800,14.446799999999998,3.5328000000000004
feinstaub,,1600628400,16.145416666666666,4.2979166666666675
feinstaub,,1600632000,17.16521739130435,3.6239130434782614
feinstaub,,1600635600,20.558400000000002,3.8067999999999995
feinstaub,,1600639200,18.819583333333334,3.5820833333333337
feinstaub,,1600642800,23.142000000000003,4.04
feinstaub,,1600646400,21.733200000000007,4.160399999999999
feinstaub,,1600650000,23.546400000000002,4.896
feinstaub,,1600653600,34.81541666666666,10.4925
feinstaub,,1600657200,35.7776,12.467199999999998
feinstaub,,1600660800,36.63272727272727,14.065454545454545
feinstaub,,1600664400,32.90958333333333,13.3675
feinstaub,,1600668000,27.41,12.691250000000002
feinstaub,,1600671600,40.1736,18.276400000000002
feinstaub,,1600675200,46.664800000000014,22.7384
feinstaub,,1600678800,27.2625,14.465833333333334
feinstaub,,1600682400,24.07,13.8336
feinstaub,,1600686000,19.634999999999998,9.969166666666668
feinstaub,,1600689600,15.68909090909091,7.284999999999999
feinstaub,,1600693200,14.513600000000002,6.259600000000001
feinstaub,,1600696800,10.028260869565216,3.4352173913043487
feinstaub,,1600700400,12.818399999999999,6.0608
feinstaub,,1600704000,9.855833333333335,3.2895833333333333
feinstaub,,1600707600,8.814800000000002,3.1667999999999994
feinstaub,,1600711200,18.398799999999998,9.408800000000001
feinstaub,,1600714800,27.21708333333333,12.052083333333334
feinstaub,,1600718400,28.012400000000003,10.9672
feinstaub,,1600722000,27.824999999999992,11.038750000000002
feinstaub,,1600725600,21.5364,8.596
feinstaub,,1600729200,21.4972,9.301599999999999
feinstaub,,1600732800,22.8176,9.903999999999998
feinstaub,,1600736400,22.4575,11.276666666666666
feinstaub,,1600740000,19.419999999999998,10.0692
feinstaub,,1600743600,17.541600000000003,9.593599999999999
feinstaub,,1600747200,15.371304347826088,8.462608695652174
feinstaub,,1600750800,17.298750000000002,9.277916666666664
feinstaub,,1600754400,17.041600000000003,9.710799999999997
feinstaub,,1600758000,18.3664,9.428
feinstaub,,1600761600,16.419999999999998,8.950416666666666
feinstaub,,1600765200,13.464,6.184
feinstaub,,1600768800,12.478333333333332,5.009583333333334
feinstaub,,1600772400,11.5956,5.1644
feinstaub,,1600776000,11.507999999999997,4.84
feinstaub,,1600779600,10.95681818181818,3.3095454545454546
feinstaub,,1600783200,10.364,3.5348
feinstaub,,1600786800,27.868749999999995,17.923750000000002
feinstaub,,1600790400,15.2288,9.5524
feinstaub,,1600794000,11.335200000000002,6.619200000000001
feinstaub,,1600797600,13.365416666666663,7.730416666666669
feinstaub,,1600801200,11.9728,6.6408000000000005
feinstaub,,1600804800,12.3224,6.43
feinstaub,,1600808400,11.485000000000001,6.215
feinstaub,,1600812000,19.43708333333333,9.542499999999999
feinstaub,,1600815600,17.083199999999998,9.093200000000001
feinstaub,,1600819200,22.0484,11.184
feinstaub,,1600822800,21.887083333333337,11.525833333333333
feinstaub,,1600826400,21.062799999999996,10.912800000000002
feinstaub,,1600830000,19.199583333333333,10.113750000000001
feinstaub,,1600833600,14.752083333333337,6.96875
feinstaub,,1600837200,10.690416666666666,3.3916666666666657
feinstaub,,1600840800,12.7108,3.8867999999999996
feinstaub,,1600844400,13.490000000000002,6.6499999999999995
feinstaub,,1600848000,13.534,7.086
feinstaub,,1600851600,12.3896,5.646800000000002
feinstaub,,1600855200,11.558750000000002,4.392083333333333
feinstaub,,1600858800,12.332499999999998,4.092499999999999
feinstaub,,1600862400,11.6904,3.6228000000000002
feinstaub,,1600866000,13.011250000000002,4.117083333333334
feinstaub,,1600869600,11.876000000000001,3.0896000000000003
feinstaub,,1600873200,12.618000000000002,3.0951999999999993
feinstaub,,1600876800,11.315833333333336,2.911666666666667
feinstaub,,1600880400,9.765600000000001,1.9931999999999999
feinstaub,,1600884000,7.377199999999999,1.5555999999999996
feinstaub,,1600887600,7.699583333333334,1.4916666666666665
feinstaub,,1600891200,6.058400000000002,1.9872
feinstaub,,1600894800,4.8664,1.3851999999999998
feinstaub,,1600898400,4.430416666666667,1.2770833333333333
feinstaub,,1600902000,4.272,1.2708000000000002
feinstaub,,1600905600,4.712000000000001,1.2576
feinstaub,,1600909200,3.977083333333333,0.96875
feinstaub,,1600912800,5.405600000000001,1.7564000000000002
feinstaub,,1600916400,4.9976,1.494
feinstaub,,1600920000,5.33909090909091,1.2795454545454545
feinstaub,,1600923600,10.383333333333333,1.6755555555555552
feinstaub,,1600927200,11.593478260869563,1.8865217391304347
feinstaub,,1600930800,14.3704,2.6956
feinstaub,,1600934400,10.702499999999999,2.0954166666666665
feinstaub,,1600938000,8.564,1.6376
feinstaub,,1600941600,6.804399999999999,1.5504
feinstaub,,1600945200,6.775833333333335,1.4370833333333335
feinstaub,,1600948800,8.9488,1.6891999999999998
feinstaub,,1600952400,8.091999999999999,1.8451999999999997
feinstaub,,1600956000,8.552916666666667,2.2216666666666667
feinstaub,,1600959600,11.2948,2.59
feinstaub,,1600963200,13.20875,3.475833333333334
feinstaub,,1600966800,9.331999999999999,2.5476
feinstaub,,1600970400,7.401199999999999,2.5043999999999995
feinstaub,,1600974000,7.98,3.1220833333333338
feinstaub,,1600977600,6.915600000000001,2.4232
feinstaub,,1600981200,12.4372,5.5767999999999995
feinstaub,,1600984800,7.434583333333333,2.7604166666666665
feinstaub,,1600988400,20.627200000000002,4.064399999999999
feinstaub,,1600992000,20.239599999999996,5.755599999999999
feinstaub,,1600995600,23.873750000000005,7.308333333333333
feinstaub,,1600999200,10.3236,5.343200000000001
feinstaub,,1601002800,11.10875,4.344583333333334
feinstaub,,1601006400,8.158695652173911,3.0121739130434775
feinstaub,,1601010000,19.70157894736842,10.722631578947366
feinstaub,,1601013600,20.728333333333335,14.074999999999998
feinstaub,,1601017200,9.291199999999998,5.049200000000001
feinstaub,,1601020800,12.854,4.469600000000001
feinstaub,,1601024400,11.568750000000001,2.12375
feinstaub,,1601028000,12.187599999999998,2.8104
feinstaub,,1601031600,9.6868,1.8312000000000004
feinstaub,,1601035200,7.7558333333333325,1.674166666666667
feinstaub,,1601038800,7.8952,1.5932
feinstaub,,1601042400,6.328400000000001,1.2788
feinstaub,,1601046000,6.140833333333333,1.2829166666666667
feinstaub,,1601049600,5.198695652173913,1.2091304347826084
feinstaub,,1601053200,4.064166666666666,0.9783333333333335
feinstaub,,1601056800,4.482916666666667,0.9920833333333335
feinstaub,,1601060400,4.0292,0.8751999999999999
feinstaub,,1601064000,4.074000000000001,0.9288000000000003
feinstaub,,1601067600,3.0245833333333336,0.7487499999999999
feinstaub,,1601071200,3.4484,0.7483999999999998
feinstaub,,1601074800,3.5816,0.8047999999999998
feinstaub,,1601078400,3.8333333333333326,0.7945833333333332
feinstaub,,1601082000,4.548800000000001,0.9148
feinstaub,,1601085600,7.246249999999999,1.2433333333333334
feinstaub,,1601089200,9.138,1.5336
feinstaub,,1601092800,10.293809523809522,1.6604761904761904
feinstaub,,1601096400,9.483478260869566,1.5326086956521738
feinstaub,,1601100000,9.8784,1.612
feinstaub,,1601103600,10.124799999999999,1.8152000000000004
feinstaub,,1601107200,8.401666666666666,1.6954166666666666
feinstaub,,1601110800,9.4912,1.7407999999999995
feinstaub,,1601114400,8.809199999999999,1.876
feinstaub,,1601118000,9.656249999999996,2.0599999999999996
feinstaub,,1601121600,8.742799999999999,1.9248000000000003
feinstaub,,1601125200,10.1508,2.3335999999999997
feinstaub,,1601128800,10.136666666666667,2.1925
feinstaub,,1601132400,10.4484,2.3396
feinstaub,,1601136000,10.7004,2.3992000000000004
feinstaub,,1601139600,12.61208333333333,2.4341666666666666
feinstaub,,1601143200,16.7704,3.4779999999999998
feinstaub,,1601146800,21.3292,4.218000000000001
feinstaub,,1601150400,23.941666666666666,4.255416666666666
feinstaub,,1601154000,21.3552,3.8844000000000007
feinstaub,,1601157600,18.386799999999997,3.1984
feinstaub,,1601161200,20.085416666666667,3.4116666666666666
feinstaub,,1601164800,18.817999999999998,3.3016
feinstaub,,1601168400,18.720399999999998,3.1832
feinstaub,,1601172000,17.659999999999997,3.018333333333333
feinstaub,,1601175600,17.422,2.8139999999999996
feinstaub,,1601179200,18.45,2.9108333333333327
feinstaub,,1601182800,14.678421052631581,2.481578947368421
feinstaub,,1601186400,14.78416666666667,2.4979166666666663
feinstaub,,1601190000,12.24,2.0108333333333333
feinstaub,,1601193600,12.775199999999998,2.472
feinstaub,,1601197200,12.0088,2.3727999999999994
feinstaub,,1601200800,11.580833333333333,2.2904166666666663
feinstaub,,1601204400,9.684800000000001,2.0552000000000006
feinstaub,,1601208000,8.286,2.1243999999999996
feinstaub,,1601211600,10.4375,3.1804166666666664
feinstaub,,1601215200,9.9768,3.62
feinstaub,,1601218800,7.312799999999998,1.8119999999999998
feinstaub,,1601222400,7.334583333333332,2.0529166666666665
feinstaub,,1601226000,14.6812,4.912000000000001
feinstaub,,1601229600,12.81125,3.372083333333333
feinstaub,,1601233200,15.6868,5.070399999999999
feinstaub,,1601236800,15.709999999999999,4.6258333333333335
feinstaub,,1601240400,18.785200000000003,6.0532
feinstaub,,1601244000,15.482000000000003,5.9796000000000005
feinstaub,,1601247600,13.809199999999997,4.5916000000000015
feinstaub,,1601251200,13.67125,4.190833333333334
feinstaub,,1601254800,12.944800000000003,3.6356
feinstaub,,1601258400,10.043199999999999,3.1175999999999995
feinstaub,,1601262000,9.113043478260868,3.081739130434783
feinstaub,,1601265600,9.037272727272729,3.0186363636363636
feinstaub,,1601269200,10.555499999999999,2.9489999999999994
feinstaub,,1601272800,11.797916666666666,3.6995833333333334
feinstaub,,1601276400,20.17375,9.76125
feinstaub,,1601280000,13.589599999999997,3.4748
feinstaub,,1601283600,16.947499999999994,3.7691666666666657
feinstaub,,1601287200,13.3496,3.4460000000000006
feinstaub,,1601290800,11.489599999999998,3.4068
feinstaub,,1601294400,8.740416666666667,2.3691666666666666
feinstaub,,1601298000,8.003333333333334,2.0770833333333334
feinstaub,,1601301600,8.650399999999998,2.8164000000000002
feinstaub,,1601305200,7.515833333333333,2.5337499999999995
feinstaub,,1601308800,12.6752,3.7468000000000017
feinstaub,,1601312400,10.824000000000002,4.324400000000001
feinstaub,,1601316000,11.276956521739129,5.094347826086957
feinstaub,,1601319600,11.070416666666665,4.86
feinstaub,,1601323200,13.836249999999998,6.540416666666668
feinstaub,,1601326800,15.0788,7.214000000000001
feinstaub,,1601330400,15.802083333333334,7.880416666666666
feinstaub,,1601334000,16.8508,8.447199999999999
feinstaub,,1601337600,18.0452,9.099200000000002
feinstaub,,1601341200,23.100416666666664,11.71375
feinstaub,,1601344800,28.9784,14.5504
feinstaub,,1601348400,47.3375,23.83916666666666
feinstaub,,1601352000,55.68772727272726,28.120909090909098
feinstaub,,1601355600,62.31444444444445,30.529444444444444
feinstaub,,1601359200,107.49478260869566,48.380434782608695
feinstaub,,1601362800,51.4552,24.896399999999993
feinstaub,,1601366400,45.09791666666666,21.84041666666667
feinstaub,,1601370000,9.493200000000002,4.9428
feinstaub,,1601373600,5.616399999999999,2.4388
feinstaub,,1601377200,8.47875,3.7937499999999993
feinstaub,,1601380800,7.024400000000001,4.023600000000001
feinstaub,,1601384400,8.9076,4.8892
feinstaub,,1601388000,8.794166666666667,4.904583333333334
feinstaub,,1601391600,38.85217391304349,26.72565217391304
feinstaub,,1601395200,9.726399999999998,5.0248
feinstaub,,1601398800,8.677600000000002,4.307600000000001
feinstaub,,1601402400,12.043333333333335,6.977916666666665
feinstaub,,1601406000,15.883999999999999,9.2544
feinstaub,,1601409600,18.1272,11.055999999999997
feinstaub,,1601413200,19.581666666666667,12.455833333333333
feinstaub,,1601416800,22.810800000000004,14.573999999999998
feinstaub,,1601420400,24.084400000000002,15.318800000000001
feinstaub,,1601424000,19.01541666666667,11.329166666666666
feinstaub,,1601427600,143.47933333333333,29.014000000000003
feinstaub,,1601431200,34.349999999999994,20.15
feinstaub,,1601434800,34.349999999999994,20.15
feinstaub,,1601438400,17.875833333333333,12.275833333333331
feinstaub,,1601442000,20.13941176470588,13.455882352941174
feinstaub,,1601445600,25.35636363636364,14.702272727272726
feinstaub,,1601449200,17.381000000000007,9.5715
feinstaub,,1601452800,16.556666666666665,8.566666666666666
feinstaub,,1601456400,11.296666666666665,2.776111111111111
feinstaub,,1601460000,9.99888888888889,2.647777777777778
feinstaub,,1601463600,7.578571428571429,2.189047619047619
feinstaub,,1601467200,7.776250000000001,2.58
feinstaub,,1601470800,9.948636363636362,3.7590909090909097
feinstaub,,1601474400,12.373043478260868,4.759565217391304
feinstaub,,1601478000,10.114999999999998,3.6075
feinstaub,,1601481600,7.4905882352941155,3.044117647058823
feinstaub,,1601485200,12.052352941176467,4.227058823529412
feinstaub,,1601488800,11.71285714285714,3.6914285714285713
feinstaub,,1601492400,24.563499999999994,11.309500000000002
feinstaub,,1601496000,13.789999999999997,3.657058823529412
feinstaub,,1601499600,14.128571428571425,3.475714285714286
feinstaub,,1601503200,13.260526315789473,3.487368421052632
feinstaub,,1601506800,11.700000000000001,3.4425
feinstaub,,1601510400,7.968947368421051,1.6442105263157896
feinstaub,,1601514000,10.89047619047619,2.0485714285714285
feinstaub,,1601517600,11.59952380952381,2.1642857142857146
feinstaub,,1601521200,13.263478260869567,3.4447826086956526
feinstaub,,1601524800,10.526666666666666,3.2522222222222217
feinstaub,,1601528400,12.309999999999999,3.3
feinstaub,,1601532000,10.228461538461538,3.815384615384615
feinstaub,,1601535600,11.311428571428571,4.810476190476191
feinstaub,,1601539200,8.974615384615387,4.134615384615385
feinstaub,,1601542800,6.356249999999999,2.6799999999999997
feinstaub,,1601546400,5.343636363636363,1.8409090909090906
feinstaub,,1601550000,5.2475000000000005,1.7935000000000003
feinstaub,,1601553600,6.0724,1.9424000000000003
feinstaub,,1601557200,6.203333333333334,1.6991666666666667
feinstaub,,1601560800,6.871200000000001,1.9656
feinstaub,,1601564400,8.917,2.5439999999999996
feinstaub,,1601568000,8.039166666666667,2.170833333333333
feinstaub,,1601571600,11.561764705882352,4.375294117647059
feinstaub,,1601575200,15.31125,6.156250000000001
feinstaub,,1601578800,10.462,3.105
feinstaub,,1601582400,11.184,4.790666666666667
feinstaub,,1601586000,8.233749999999999,2.9200000000000004
feinstaub,,1601589600,8.233749999999999,2.9200000000000004
feinstaub,,1601593200,14.23,3.22
feinstaub,,1601596800,12.339999999999998,2.533333333333333
feinstaub,,1601600400,11.969375000000001,2.63625
feinstaub,,1601604000,10.27,2.22
feinstaub,,1601607600,13.358571428571427,2.9614285714285713
feinstaub,,1601611200,13.983333333333334,3.083333333333334
feinstaub,,1601614800,11.275,2.9775
feinstaub,,1601618400,10.741999999999999,2.5179999999999993
feinstaub,,1601622000,10.38058823529412,3.6123529411764705
feinstaub,,1601625600,10.463076923076922,3.160769230769231
feinstaub,,1601629200,12.211538461538462,4.418461538461539
feinstaub,,1601632800,8.958095238095236,3.4809523809523806
feinstaub,,1601636400,9.444117647058825,4.31764705882353
feinstaub,,1601640000,10.302,5.373000000000001
feinstaub,,1601643600,8.213636363636367,4.541818181818181
feinstaub,,1601647200,8.871875000000001,5.646875
feinstaub,,1601650800,16.334285714285713,8.259285714285713
feinstaub,,1601654400,11.989047619047616,7.915714285714284
feinstaub,,1601658000,13.203125,9.737499999999999
feinstaub,,1601661600,36.1025,26.629999999999995
feinstaub,,1601665200,29.119166666666672,20.363333333333333
feinstaub,,1601668800,38.512499999999996,24
feinstaub,,1601672400,15.4025,9.05
feinstaub,,1601676000,15.805000000000001,9.097000000000001
feinstaub,,1601679600,25.86133333333333,12.931999999999999
feinstaub,,1601683200,14.161111111111111,5.772222222222222
feinstaub,,1601686800,11.187999999999999,5.292
feinstaub,,1601690400,28.9025,21.5625
feinstaub,,1601694000,37.08,30.77
feinstaub,,1601697600,37.08,30.77
feinstaub,,1601701200,37.08,30.77
feinstaub,,1601704800,4.746666666666667,1.2666666666666668
feinstaub,,1601708400,5.274166666666667,1.3958333333333333
feinstaub,,1601712000,7.562500000000001,2.1481250000000003
feinstaub,,1601715600,6.530666666666668,2.176666666666667
feinstaub,,1601719200,5.241176470588235,2.208235294117647
feinstaub,,1601722800,6.81764705882353,2.7600000000000002
feinstaub,,1601726400,6.635000000000001,2.3024999999999998
feinstaub,,1601730000,5.953684210526315,2.1084210526315785
feinstaub,,1601733600,8.197272727272727,2.1631818181818185
feinstaub,,1601737200,6.034117647058823,1.7623529411764705
feinstaub,,1601740800,10.264736842105263,3.1310526315789473
feinstaub,,1601744400,15.784210526315785,6.610526315789474
feinstaub,,1601748000,13.486666666666663,5.195
feinstaub,,1601751600,13.944545454545455,6.215454545454545
feinstaub,,1601755200,14.7,6.0150000000000015
feinstaub,,1601758800,7.625,2.1616666666666666
feinstaub,,1601762400,4.97875,1.2937500000000002
feinstaub,,1601766000,6.64235294117647,1.9764705882352942
feinstaub,,1601769600,6.734285714285713,1.9300000000000002
feinstaub,,1601773200,2.9618181818181815,0.6818181818181819
feinstaub,,1601776800,1.8550000000000002,0.6766666666666667
feinstaub,,1601780400,2.3287500000000003,0.7599999999999999
feinstaub,,1601784000,2.3287500000000003,0.7599999999999999
feinstaub,,1601787600,6.125,1.6
feinstaub,,1601791200,10.235,1.96
feinstaub,,1601794800,6.345,1.4675000000000002
feinstaub,,1601798400,7.0520000000000005,1.6646666666666663
feinstaub,,1601802000,8.103157894736842,1.8900000000000001
feinstaub,,1601805600,6.057142857142857,1.1600000000000001
feinstaub,,1601809200,5.333181818181818,1.1327272727272726
feinstaub,,1601812800,5.9750000000000005,1
feinstaub,,1601816400,10.324000000000002,1.8199999999999998
feinstaub,,1601820000,21.77894736842105,8.709999999999999
feinstaub,,1601823600,17.3975,6.9425
feinstaub,,1601827200,41.094375,21.446875000000002
feinstaub,,1601830800,7.169,1.722
feinstaub,,1601834400,7.730499999999999,2.239
feinstaub,,1601838000,6.685454545454546,1.6627272727272726
feinstaub,,1601841600,4.837727272727272,1.3836363636363636
feinstaub,,1601845200,6.502173913043479,2.822608695652174
feinstaub,,1601848800,4.857916666666667,2.734583333333333
feinstaub,,1601852400,7.107826086956522,5.082173913043479
feinstaub,,1601856000,9.190416666666666,6.15625
feinstaub,,1601859600,14.387916666666667,10.014583333333336
feinstaub,,1601863200,16.57363636363636,11.105454545454545
feinstaub,,1601866800,16.153157894736843,11.154736842105265
feinstaub,,1601870400,17.026875,10.319374999999999
feinstaub,,1601874000,14.5025,9.030624999999999
feinstaub,,1601877600,11.356315789473683,6.601578947368421
feinstaub,,1601881200,14.81235294117647,8.011764705882355
feinstaub,,1601884800,24.730000000000004,13.658666666666665
feinstaub,,1601888400,13.581666666666665,6.185833333333331
feinstaub,,1601892000,7.384583333333333,2.3383333333333334
feinstaub,,1601895600,5.982916666666665,1.7320833333333328
feinstaub,,1601899200,7.150000000000002,2.454545454545455
feinstaub,,1601902800,5.9695833333333335,1.8037500000000002
feinstaub,,1601906400,6.266249999999999,1.584583333333333
feinstaub,,1601910000,7.730416666666667,2.5004166666666667
feinstaub,,1601913600,4.978,1.6851999999999996
feinstaub,,1601917200,4.211904761904762,1.5414285714285714
feinstaub,,1601920800,7.420000000000001,2.4116666666666657
feinstaub,,1601924400,8.84058823529412,2.354117647058823
feinstaub,,1601928000,6.038235294117648,1.5082352941176471
feinstaub,,1601931600,9.307142857142859,1.845
feinstaub,,1601935200,12.91909090909091,2.2109090909090905
feinstaub,,1601938800,15.794399999999994,2.3968
feinstaub,,1601942400,19.007916666666667,2.6187499999999995
feinstaub,,1601946000,23.210000000000004,3.210000000000001
feinstaub,,1601949600,8.360416666666666,1.3887499999999997
feinstaub,,1601953200,5.213333333333334,0.83875
feinstaub,,1601956800,9.042631578947368,1.8463157894736846
feinstaub,,1601960400,10.536818181818182,2.121818181818182
feinstaub,,1601964000,12.417391304347827,2.667826086956522
feinstaub,,1601967600,9.551052631578948,2.5021052631578953
feinstaub,,1601971200,9.20047619047619,2.105714285714286
feinstaub,,1601974800,9.025217391304347,1.7091304347826088
feinstaub,,1601978400,7.187391304347826,1.3691304347826088
feinstaub,,1601982000,7.423333333333335,1.7691666666666668
feinstaub,,1601985600,12.4944,4.8856
feinstaub,,1601989200,6.119130434782607,1.3591304347826088
feinstaub,,1601992800,11.809199999999999,1.9463999999999997
feinstaub,,1601996400,7.788095238095236,1.73
feinstaub,,1602000000,10.049999999999999,2.178333333333333
feinstaub,,1602003600,9.719047619047618,2.0161904761904768
feinstaub,,1602007200,13.304499999999999,2.6045
feinstaub,,1602010800,14.036842105263156,2.6289473684210525
feinstaub,,1602014400,15.145000000000001,2.77
feinstaub,,1602018000,13.872777777777776,2.7716666666666665
feinstaub,,1602021600,14.311904761904762,2.9923809523809526
feinstaub,,1602025200,11.556666666666667,2.3375
feinstaub,,1602028800,9.002222222222223,1.855
feinstaub,,1602032400,6.815833333333334,1.4683333333333335
feinstaub,,1602036000,8.506875,1.5250000000000001
feinstaub,,1602039600,9.204117647058823,1.7717647058823527
feinstaub,,1602043200,10.148823529411764,1.871176470588235
feinstaub,,1602046800,12.81357142857143,2.812857142857143
feinstaub,,1602050400,13.085909090909091,2.5136363636363637
feinstaub,,1602054000,17.171363636363633,3.825454545454545
feinstaub,,1602057600,16.30590909090909,3.2900000000000005
feinstaub,,1602061200,15.309999999999997,3.5095000000000005
feinstaub,,1602064800,10.797619047619047,2.431428571428571
feinstaub,,1602068400,9.039090909090909,2.2345454545454544
feinstaub,,1602072000,7.340588235294117,1.7
feinstaub,,1602075600,6.492380952380953,1.6176190476190475
feinstaub,,1602079200,7.367826086956521,1.7178260869565216
feinstaub,,1602082800,7.613333333333334,1.6342857142857143
feinstaub,,1602086400,10.314761904761903,2.497619047619047
feinstaub,,1602090000,18.010000000000005,7.841818181818181
feinstaub,,1602093600,15.926842105263159,4.379473684210526
feinstaub,,1602097200,15.053157894736842,3.8810526315789464
feinstaub,,1602100800,15.033333333333333,3.333333333333333
feinstaub,,1602104400,15.579545454545457,3.810909090909091
feinstaub,,1602108000,14.971249999999998,3.1645833333333333
feinstaub,,1602111600,10.917142857142858,1.9866666666666672
feinstaub,,1602115200,3.955416666666667,0.7941666666666666
feinstaub,,1602118800,23.15958333333333,4.575833333333333
feinstaub,,1602122400,29.62826086956522,6.130869565217391
feinstaub,,1602126000,19.52318181818182,4.502272727272728
feinstaub,,1602129600,17.97055555555556,4.075555555555556
feinstaub,,1602133200,24.282631578947374,5.0884210526315785
feinstaub,,1602136800,21.57428571428571,4.333333333333333
feinstaub,,1602140400,23.845909090909085,5.168181818181818
feinstaub,,1602144000,21.517916666666665,4.5475
feinstaub,,1602147600,14.830434782608696,3.4269565217391307
feinstaub,,1602151200,7.9073913043478266,2.3256521739130434
feinstaub,,1602154800,12.118000000000002,2.77
feinstaub,,1602158400,15.150799999999997,3.468
feinstaub,,1602162000,6.657826086956521,1.9452173913043476
feinstaub,,1602165600,9.568695652173913,2.5960869565217393
feinstaub,,1602169200,4.562500000000001,1.5865
feinstaub,,1602172800,4.3494117647058825,1.7647058823529411
feinstaub,,1602176400,5.234545454545455,2.2645454545454546
feinstaub,,1602180000,9.724500000000003,5.281999999999999
feinstaub,,1602183600,11.503157894736844,5.795789473684211
feinstaub,,1602187200,12.170555555555556,6.300000000000001
feinstaub,,1602190800,10.922727272727272,5.345909090909091
feinstaub,,1602194400,5.45,2.9675000000000002
feinstaub,,1602198000,9.350000000000001,3.85
feinstaub,,1602201600,7.526666666666667,4.013999999999999
feinstaub,,1602205200,9.125,4.819285714285714
feinstaub,,1602208800,9.060526315789474,5.26842105263158
feinstaub,,1602212400,12.838235294117647,8.134705882352941
feinstaub,,1602216000,14.040000000000003,8.785714285714285
feinstaub,,1602219600,11.654761904761905,6.835714285714287
feinstaub,,1602223200,10.89,5.961578947368421
feinstaub,,1602226800,12.88157894736842,6.77842105263158
feinstaub,,1602230400,10.103076923076923,4.491538461538462
feinstaub,,1602234000,7.147333333333334,2.378
feinstaub,,1602237600,6.33,1.9276923076923078
feinstaub,,1602241200,8.32,3.13
feinstaub,,1602244800,7.384736842105263,2.0194736842105265
feinstaub,,1602248400,7.683,1.9380000000000002
feinstaub,,1602252000,6,1.7217391304347827
feinstaub,,1602255600,5.145833333333334,1.4862500000000003
feinstaub,,1602259200,5.292777777777778,1.566111111111111
feinstaub,,1602262800,5.305294117647058,1.765294117647059
feinstaub,,1602266400,8.47681818181818,3.245454545454545
feinstaub,,1602270000,7.577368421052632,2.8931578947368415
feinstaub,,1602273600,9.4,3.918
feinstaub,,1602277200,10.5855,3.973499999999999
feinstaub,,1602280800,10.362380952380951,3.5566666666666666
feinstaub,,1602284400,8.71923076923077,2.6446153846153844
feinstaub,,1602288000,6.3882352941176475,1.8194117647058823
feinstaub,,1602291600,6.124736842105263,1.767368421052632
feinstaub,,1602295200,6.790499999999999,1.793
feinstaub,,1602298800,7.066111111111111,1.7044444444444442
feinstaub,,1602302400,6.747142857142857,1.6821428571428572
feinstaub,,1602306000,7.5373913043478264,1.826521739130435
feinstaub,,1602309600,8.255789473684212,2.1231578947368424
feinstaub,,1602313200,7.385499999999999,1.972
feinstaub,,1602316800,8.309523809523808,1.9585714285714284
feinstaub,,1602320400,8.823478260869566,2.1395652173913042
feinstaub,,1602324000,9.698095238095238,2.128095238095238
feinstaub,,1602327600,9.91777777777778,2.1755555555555555
feinstaub,,1602331200,9.288571428571428,2.1290476190476193
feinstaub,,1602334800,9.136249999999999,2.176666666666667
feinstaub,,1602338400,8.741000000000003,1.9525000000000001
feinstaub,,1602342000,9.54391304347826,2.1604347826086956
feinstaub,,1602345600,11.03434782608696,2.9873913043478257
feinstaub,,1602349200,9.898571428571428,3.1185714285714288
feinstaub,,1602352800,9.106363636363637,3.242272727272727
feinstaub,,1602356400,7.683500000000002,2.675
feinstaub,,1602360000,6.098571428571428,2.2033333333333327
feinstaub,,1602363600,7.143499999999999,2.3150000000000004
feinstaub,,1602367200,8.46736842105263,3.0689473684210533
feinstaub,,1602370800,7.376111111111111,2.5716666666666668
feinstaub,,1602374400,10.645,2.8049999999999997
feinstaub,,1602378000,10.956923076923077,3.7253846153846153
feinstaub,,1602381600,13.145999999999997,4.244
feinstaub,,1602385200,13.145999999999997,4.244
feinstaub,,1602388800,13.463333333333331,4.339999999999999
feinstaub,,1602392400,13.712857142857144,4.206190476190476
feinstaub,,1602396000,12.555238095238094,4.346666666666667
feinstaub,,1602399600,10.638636363636365,3.416363636363636
feinstaub,,1602403200,7.869999999999998,1.946818181818182
feinstaub,,1602406800,6.729130434782608,1.928695652173913
feinstaub,,1602410400,5.025217391304347,1.3978260869565218
feinstaub,,1602414000,4.692916666666667,1.3933333333333333
feinstaub,,1602417600,3.6141666666666663,1.03
feinstaub,,1602421200,4.309090909090909,1.2095454545454547
feinstaub,,1602424800,4.6412,1.3888000000000003
feinstaub,,1602428400,4.920000000000001,1.5154545454545456
feinstaub,,1602432000,4.898695652173913,1.3952173913043477
feinstaub,,1602435600,19.21260869565217,9.709999999999997
feinstaub,,1602439200,6.246363636363636,2.2931818181818184
feinstaub,,1602442800,7.104761904761903,3.011904761904762
feinstaub,,1602446400,8.970454545454546,3.5236363636363635
feinstaub,,1602450000,7.3545,2.6185
feinstaub,,1602453600,5.308333333333333,1.6683333333333332
feinstaub,,1602457200,6.626,3.0140000000000002
feinstaub,,1602460800,9.1575,4.608750000000001
feinstaub,,1602464400,12.65,6.733333333333334
feinstaub,,1602468000,12.65,6.733333333333334
feinstaub,,1602471600,12.649999999999999,7.535
feinstaub,,1602475200,13.31,7.791666666666667
feinstaub,,1602478800,13.342222222222222,7.522222222222222
feinstaub,,1602482400,12.93625,7.089583333333333
feinstaub,,1602486000,17.951666666666668,10.47
feinstaub,,1602489600,12.67695652173913,6.77391304347826
feinstaub,,1602493200,11.312999999999999,5.147999999999999
feinstaub,,1602496800,6.657272727272727,2.538636363636364
feinstaub,,1602500400,5.532499999999999,1.9970833333333327
feinstaub,,1602504000,4.73590909090909,1.5518181818181818
feinstaub,,1602507600,4.805416666666669,1.352083333333333
feinstaub,,1602511200,8.264782608695652,3.145652173913043
feinstaub,,1602514800,9.398750000000001,3.12375
feinstaub,,1602518400,6.6834999999999996,2.3594999999999997
feinstaub,,1602522000,4.60125,1.66375
feinstaub,,1602525600,7.467272727272728,3.1931818181818175
feinstaub,,1602529200,6.148571428571429,2.2347619047619056
feinstaub,,1602532800,3.5199999999999996,1.5326315789473686
feinstaub,,1602536400,3.822173913043478,1.6804347826086956
feinstaub,,1602540000,4.988571428571428,2.8119047619047617
feinstaub,,1602543600,4.158571428571428,1.6304761904761902
feinstaub,,1602547200,12.09095238095238,2.2714285714285714
feinstaub,,1602550800,13.8185,2.4885
feinstaub,,1602554400,15.475999999999999,2.9225
feinstaub,,1602558000,18.777619047619048,3.4109523809523816
feinstaub,,1602561600,18.825000000000003,3.1849999999999996
feinstaub,,1602565200,17.83904761904762,3.4361904761904767
feinstaub,,1602568800,18.27611111111111,4.626666666666667
feinstaub,,1602572400,21.967333333333336,7.563333333333333
feinstaub,,1602576000,19.11923076923077,6.157692307692309
feinstaub,,1602579600,15.502173913043482,5.134782608695652
feinstaub,,1602583200,11.988888888888889,3.907777777777778
feinstaub,,1602586800,11.525789473684211,4.083684210526317
feinstaub,,1602590400,12.588695652173914,4.641739130434783
feinstaub,,1602594000,12.078823529411764,5.788823529411765
feinstaub,,1602597600,7.604347826086957,3.915217391304349
feinstaub,,1602601200,8.572608695652175,4.435217391304347
feinstaub,,1602604800,8.356818181818182,4.359545454545454
feinstaub,,1602608400,10.91181818181818,5.715
feinstaub,,1602612000,12.535000000000002,8.237272727272728
feinstaub,,1602615600,8.517999999999999,5.5855
feinstaub,,1602619200,6.496363636363637,2.9027272727272724
feinstaub,,1602622800,8.551904761904762,3.1366666666666667
feinstaub,,1602626400,9.111500000000001,3.4959999999999996
feinstaub,,1602630000,6.281111111111112,1.3777777777777778
feinstaub,,1602633600,7.128,1.6809999999999998
feinstaub,,1602637200,7.540526315789473,2.0505263157894738
feinstaub,,1602640800,10.944444444444445,4.6322222222222225
feinstaub,,1602644400,21.001578947368422,11.563157894736841
feinstaub,,1602648000,31.6935,17.724
feinstaub,,1602651600,37.25888888888889,19.680555555555557
feinstaub,,1602655200,30.727272727272723,15.461363636363636
feinstaub,,1602658800,32.879583333333336,15.931666666666663
feinstaub,,1602662400,25.220909090909092,11.717727272727274
feinstaub,,1602666000,12.729333333333335,4.436666666666666
feinstaub,,1602669600,8.159999999999998,2.4033333333333333
feinstaub,,1602673200,7.841818181818183,2.1368181818181817
feinstaub,,1602676800,7.300588235294117,1.8900000000000001
feinstaub,,1602680400,10.210000000000003,3.393571428571429
feinstaub,,1602684000,11.64727272727273,4.53
feinstaub,,1602687600,5.897083333333334,2.07375
feinstaub,,1602691200,6.881500000000001,2.2335000000000003
feinstaub,,1602694800,9.539565217391305,3.734347826086957
feinstaub,,1602698400,10.649545454545452,3.2677272727272726
feinstaub,,1602702000,15.047500000000001,3.183125
feinstaub,,1602705600,19.781739130434783,5.37608695652174
feinstaub,,1602709200,13.613333333333333,2.5480952380952386
feinstaub,,1602712800,12.05842105263158,2.01578947368421
feinstaub,,1602716400,10.750526315789475,1.9005263157894732
feinstaub,,1602720000,12.383529411764707,1.9664705882352942
feinstaub,,1602723600,9.910833333333334,1.5216666666666667
feinstaub,,1602727200,12.218125,1.8968750000000005
feinstaub,,1602730800,11.435714285714287,1.7950000000000002
feinstaub,,1602734400,12.786428571428573,1.9464285714285712
feinstaub,,1602738000,15.388571428571428,2.567142857142857
feinstaub,,1602741600,17.906363636363633,3.075454545454546
feinstaub,,1602745200,18.96904761904762,3.520000000000001
feinstaub,,1602748800,18.106956521739132,4.042173913043478
feinstaub,,1602752400,12.35608695652174,2.6556521739130434
feinstaub,,1602756000,10.485,2.4199999999999995
feinstaub,,1602759600,9.56190476190476,2.467619047619048
feinstaub,,1602763200,9.733750000000002,2.3954166666666663
feinstaub,,1602766800,7.45217391304348,1.6708695652173913
feinstaub,,1602770400,8.943478260869567,2.1460869565217386
feinstaub,,1602774000,9.64952380952381,2.4547619047619054
feinstaub,,1602777600,9.559565217391308,2.8056521739130433
feinstaub,,1602781200,11.9225,3.5454166666666667
feinstaub,,1602784800,12.343478260869563,3.5230434782608695
feinstaub,,1602788400,10.626499999999998,2.9014999999999995
feinstaub,,1602792000,10.129500000000002,2.6169999999999995
feinstaub,,1602795600,8.893125000000001,2.3293750000000006
feinstaub,,1602799200,8.069047619047618,1.9557142857142857
feinstaub,,1602802800,6.453333333333333,1.755
feinstaub,,1602806400,9.292941176470588,2.4170588235294117
feinstaub,,1602810000,10.224500000000003,2.575
feinstaub,,1602813600,10.223333333333331,2.467916666666666
feinstaub,,1602817200,9.98,2.4664705882352935
feinstaub,,1602820800,9.554499999999999,2.5099999999999993
feinstaub,,1602824400,9.10625,2.8037500000000004
feinstaub,,1602828000,10.862499999999999,2.841
feinstaub,,1602831600,14.475454545454545,4.282272727272727
feinstaub,,1602835200,14.1488,4.5076
feinstaub,,1602838800,15.116249999999999,4.9825
feinstaub,,1602842400,12.586250000000001,3.827083333333334
feinstaub,,1602846000,13.102083333333333,4.134166666666666
feinstaub,,1602849600,10.944999999999999,3.275
feinstaub,,1602853200,12.0656,4.1704
feinstaub,,1602856800,10.30391304347826,2.986521739130435
feinstaub,,1602860400,13.109999999999998,4.202400000000001
feinstaub,,1602864000,34.0304347826087,15.346086956521741
feinstaub,,1602867600,27.558399999999995,13.276399999999999
feinstaub,,1602871200,17.867083333333337,7.688333333333335
feinstaub,,1602874800,15.840400000000002,6.524400000000001
feinstaub,,1602878400,14.004999999999997,6.517500000000001
feinstaub,,1602882000,15.6432,6.892000000000001
feinstaub,,1602885600,13.275833333333331,5.649166666666667
feinstaub,,1602889200,14.733749999999999,5.9225
feinstaub,,1602892800,15.999999999999995,6.404166666666666
feinstaub,,1602896400,16.337916666666672,6.9629166666666675
feinstaub,,1602900000,14.9448,6.604000000000001
feinstaub,,1602903600,15.374499999999998,6.623
feinstaub,,1602907200,15.115909090909092,6.699545454545455
feinstaub,,1602910800,20.473333333333336,10.964444444444446
feinstaub,,1602914400,18.670714285714286,8.471428571428572
feinstaub,,1602918000,12.177142857142858,4.526190476190476
feinstaub,,1602921600,17.235,5.313000000000001
feinstaub,,1602925200,13.597500000000002,3.9995833333333333
feinstaub,,1602928800,27.073999999999998,14.728399999999995
feinstaub,,1602932400,13.097199999999997,3.9816000000000003
feinstaub,,1602936000,10.48708333333333,4.521249999999999
feinstaub,,1602939600,9.3292,3.8656
feinstaub,,1602943200,9.0944,3.8815999999999997
feinstaub,,1602946800,9.839583333333332,4.050416666666667
feinstaub,,1602950400,18.421999999999997,7.9792000000000005
feinstaub,,1602954000,15.806666666666667,7.973333333333333
feinstaub,,1602957600,13.325000000000001,7.45
feinstaub,,1602961200,18.877599999999997,10.7952
feinstaub,,1602964800,21.294166666666662,13.025416666666667
feinstaub,,1602968400,13.603600000000002,7.884000000000001
feinstaub,,1602972000,15.8576,9.130799999999999
feinstaub,,1602975600,19.41125,10.916666666666666
feinstaub,,1602979200,21.533749999999994,12.314583333333333
feinstaub,,1602982800,21.77913043478261,12.526956521739134
feinstaub,,1602986400,21.0952,11.9576
feinstaub,,1602990000,21.524761904761903,12.226190476190476
feinstaub,,1602993600,25.346190476190475,14.545238095238098
feinstaub,,1602997200,27.708823529411763,14.871176470588233
feinstaub,,1603000800,31.611538461538455,16.744615384615383
feinstaub,,1603004400,30.91173913043478,16.407391304347822
feinstaub,,1603008000,34.18958333333333,18.044999999999995
feinstaub,,1603011600,30.9216,17.004
feinstaub,,1603015200,21.01666666666667,11.922083333333333
feinstaub,,1603018800,15.079600000000001,7.4752
feinstaub,,1603022400,9.200399999999997,4.0964
feinstaub,,1603026000,8.571666666666664,3.8233333333333337
feinstaub,,1603029600,7.821249999999999,3.0925
feinstaub,,1603033200,7.974347826086958,3.176086956521739
feinstaub,,1603036800,11.002,5.3152
feinstaub,,1603040400,10.7864,5.045200000000001
feinstaub,,1603044000,19.292083333333334,9.74875
feinstaub,,1603047600,30.835600000000003,16.281200000000002
feinstaub,,1603051200,32.315599999999996,17.3476
feinstaub,,1603054800,22.674999999999997,12.13833333333333
feinstaub,,1603058400,25.885833333333327,14.001666666666665
feinstaub,,1603062000,19.0532,10.2552
feinstaub,,1603065600,22.72333333333333,12.159999999999998
feinstaub,,1603069200,22.566800000000004,13.128400000000001
feinstaub,,1603072800,29.027199999999997,17.163199999999996
feinstaub,,1603076400,31.527826086956527,19.587826086956518
feinstaub,,1603080000,29.857619047619053,17.652380952380952
feinstaub,,1603083600,30.192222222222224,19.215555555555557
feinstaub,,1603087200,26.520999999999997,16.685499999999998
feinstaub,,1603090800,29.780434782608687,18.618260869565216
feinstaub,,1603094400,22.816249999999997,13.349166666666669
feinstaub,,1603098000,18.581249999999997,11.194583333333334
feinstaub,,1603101600,12.921999999999999,7.5916
feinstaub,,1603105200,12.6072,6.812399999999998
feinstaub,,1603108800,8.430000000000001,4.0225
feinstaub,,1603112400,8.541199999999998,4.38
feinstaub,,1603116000,9.264583333333333,4.09875
feinstaub,,1603119600,10.235833333333334,4.406666666666667
feinstaub,,1603123200,10.916249999999998,4.75125
feinstaub,,1603126800,13.714800000000002,6.335200000000002
feinstaub,,1603130400,12.814166666666665,5.087083333333333
feinstaub,,1603134000,10.902499999999998,4.034583333333334
feinstaub,,1603137600,9.85,3.4884000000000004
feinstaub,,1603141200,11.284799999999997,3.4976
feinstaub,,1603144800,13.156666666666666,3.885833333333333
feinstaub,,1603148400,13.328399999999998,3.9471999999999996
feinstaub,,1603152000,15.000416666666666,4.379166666666666
feinstaub,,1603155600,16.063478260869566,4.533478260869565
feinstaub,,1603159200,17.6072,5.256
feinstaub,,1603162800,20.222083333333334,5.928750000000001
feinstaub,,1603166400,20.343636363636364,6.7695454545454545
feinstaub,,1603170000,19.299999999999994,7.058571428571428
feinstaub,,1603173600,20.66391304347826,7.313478260869564
feinstaub,,1603177200,18.037368421052626,6.964736842105264
feinstaub,,1603180800,19.4468,6.090799999999999
feinstaub,,1603184400,20.6144,5.5292
feinstaub,,1603188000,20.519999999999996,4.855833333333333
feinstaub,,1603191600,21.387600000000003,4.8024
feinstaub,,1603195200,20.242499999999996,5.154166666666666
feinstaub,,1603198800,18.601200000000006,4.6564
feinstaub,,1603202400,17.96608695652174,4.532173913043478
feinstaub,,1603206000,19.083199999999998,5.1616
feinstaub,,1603209600,22.951200000000004,6.3136
feinstaub,,1603213200,24.462083333333336,7.024166666666666
feinstaub,,1603216800,24.677999999999997,8.1472
feinstaub,,1603220400,21.83,7.266666666666667
feinstaub,,1603224000,29.759199999999996,11.251199999999999
feinstaub,,1603227600,24.621999999999993,8.4212
feinstaub,,1603231200,19.912083333333335,6.737499999999998
feinstaub,,1603234800,19.401600000000002,6.259999999999998
feinstaub,,1603238400,18.766000000000005,5.167999999999999
feinstaub,,1603242000,16.242500000000003,4.390833333333333
feinstaub,,1603245600,11.607599999999998,3.8368000000000007
feinstaub,,1603249200,7.9004166666666675,2.982083333333333
feinstaub,,1603252800,5.442352941176471,2.081764705882353
feinstaub,,1603256400,3.8000000000000007,1.2285
feinstaub,,1603260000,5.615714285714285,1.940476190476191
feinstaub,,1603263600,7.379130434782607,2.858695652173913
feinstaub,,1603267200,7.6924,2.3684000000000003
feinstaub,,1603270800,5.312799999999999,1.6972
feinstaub,,1603274400,12.025,4.648333333333333
feinstaub,,1603278000,5.7336,1.7364000000000004
feinstaub,,1603281600,8.8112,2.2203999999999997
feinstaub,,1603285200,9.480799999999999,2.0536000000000003
feinstaub,,1603288800,9.167499999999999,2.7808333333333333
feinstaub,,1603292400,3.346,1.1523999999999999
feinstaub,,1603296000,4.785833333333333,1.8895833333333334
feinstaub,,1603299600,6.7276,2.0556
feinstaub,,1603303200,12.930399999999999,4.3452
feinstaub,,1603306800,9.748749999999996,2.050833333333333
feinstaub,,1603310400,9.336,1.8519999999999999
feinstaub,,1603314000,12.418399999999998,1.9572
feinstaub,,1603317600,21.496666666666666,3.0595833333333338
feinstaub,,1603321200,22.3108,3.0347999999999997
feinstaub,,1603324800,22.3792,3.0863999999999994
feinstaub,,1603328400,20.47608695652174,2.890869565217392
feinstaub,,1603332000,20.721249999999998,2.668333333333333
feinstaub,,1603335600,18.978571428571428,2.5552380952380953
feinstaub,,1603339200,18.785263157894736,2.578947368421052
feinstaub,,1603342800,19.75428571428571,2.6978571428571425
feinstaub,,1603346400,22.05333333333333,3.6355555555555554
feinstaub,,1603350000,27.4935,5.1225
feinstaub,,1603353600,26.456666666666667,4.747083333333333
feinstaub,,1603357200,17.371999999999996,2.9423999999999997
feinstaub,,1603360800,15.192400000000003,2.6772000000000005
feinstaub,,1603364400,12.326249999999996,2.610416666666667
feinstaub,,1603368000,10.787999999999997,2.1639999999999997
feinstaub,,1603371600,11.619599999999998,2.3295999999999997
feinstaub,,1603375200,12.344166666666668,2.5033333333333334
feinstaub,,1603378800,13.6492,2.7124
feinstaub,,1603382400,14.8148,2.6475999999999997
feinstaub,,1603386000,19.60333333333333,4.122916666666668
feinstaub,,1603389600,18.174400000000006,3.2912
feinstaub,,1603393200,20.060833333333335,3.7170833333333335
feinstaub,,1603396800,21.170399999999994,4.1044
feinstaub,,1603400400,22.60439999999999,5.8848
feinstaub,,1603404000,30.18916666666667,9.101250000000002
feinstaub,,1603407600,36.2972,8.507599999999998
feinstaub,,1603411200,121.02782608695654,11.447826086956523
feinstaub,,1603414800,66.87291666666668,9.52375
feinstaub,,1603418400,56.72920000000001,11.213599999999996
feinstaub,,1603422000,58.07210526315789,14.678947368421051
feinstaub,,1603425600,43.85473684210527,12.49421052631579
feinstaub,,1603429200,22.94,12.099166666666667
feinstaub,,1603432800,24.394375,12.780624999999999
feinstaub,,1603436400,27.304000000000002,12.883500000000002
feinstaub,,1603440000,18.4656,3.7936000000000005
feinstaub,,1603443600,14.04208333333333,2.4629166666666666
feinstaub,,1603447200,12.419199999999998,2.4479999999999995
feinstaub,,1603450800,11.999999999999998,2.4736
feinstaub,,1603454400,12.134999999999998,2.3516666666666666
feinstaub,,1603458000,11.2192,2.4348
feinstaub,,1603461600,10.125833333333333,2.6950000000000003
feinstaub,,1603465200,7.6036,1.964
feinstaub,,1603468800,10.4888,2.5584000000000002
feinstaub,,1603472400,10.696666666666665,2.200416666666667
feinstaub,,1603476000,10.042400000000002,2.2176
feinstaub,,1603479600,9.09217391304348,2.2121739130434785
feinstaub,,1603483200,8.096,2.2004
feinstaub,,1603486800,11.126799999999998,3.5188
feinstaub,,1603490400,9.835,2.6137500000000005
feinstaub,,1603494000,11.1664,2.2244
feinstaub,,1603497600,12.73,3.3345454545454545
feinstaub,,1603501200,13.790000000000001,4.1120833333333335
feinstaub,,1603504800,13.439999999999998,3.0425
feinstaub,,1603508400,11.66125,3.053333333333333
feinstaub,,1603512000,14.57090909090909,2.358181818181818
feinstaub,,1603515600,16.244545454545456,2.536363636363636
feinstaub,,1603519200,21.252857142857142,2.91
feinstaub,,1603522800,20.174705882352942,2.801764705882353
feinstaub,,1603526400,15.70434782608696,2.5578260869565224
feinstaub,,1603530000,10.9828,1.8556
feinstaub,,1603533600,11.5612,1.9928
feinstaub,,1603537200,14.885,2.4929166666666664
feinstaub,,1603540800,14.6768,2.5884000000000005
feinstaub,,1603544400,16.43,2.9408
feinstaub,,1603548000,14.195416666666667,2.5258333333333334
feinstaub,,1603551600,22.0952,3.6727999999999996
feinstaub,,1603555200,16.151600000000002,2.8415999999999997
feinstaub,,1603558800,16.00083333333333,2.6283333333333334
feinstaub,,1603562400,14.260000000000002,2.8896
feinstaub,,1603566000,10.3476,1.8507999999999998
feinstaub,,1603569600,12.297083333333333,2.2287500000000002
feinstaub,,1603573200,17.887083333333337,2.8629166666666666
feinstaub,,1603576800,10.504799999999998,1.6352000000000002
feinstaub,,1603580400,16.752000000000006,2.4116000000000004
feinstaub,,1603584000,13.210434782608699,1.9426086956521742
feinstaub,,1603587600,4.45695652173913,0.7860869565217391
feinstaub,,1603591200,9.518000000000002,1.3096000000000003
feinstaub,,1603594800,14.742499999999998,1.8724999999999996
feinstaub,,1603598400,18.910000000000004,2.1995652173913043
feinstaub,,1603602000,17.7015,2.3215000000000003
feinstaub,,1603605600,15.27375,2.244375
feinstaub,,1603609200,17.150999999999996,3.372999999999999
feinstaub,,1603612800,14.7072,2.1592
feinstaub,,1603616400,8.724166666666667,1.6283333333333336
feinstaub,,1603620000,8.623199999999999,1.7043999999999997
feinstaub,,1603623600,6.885833333333333,1.6533333333333335
feinstaub,,1603627200,7.018750000000001,1.988333333333333
feinstaub,,1603630800,9.146,1.8771999999999998
feinstaub,,1603634400,7.344400000000002,1.6004000000000003
feinstaub,,1603638000,12.195,2.6587500000000004
feinstaub,,1603641600,17.979583333333334,5.065833333333334
feinstaub,,1603645200,17.979583333333334,5.065833333333334
feinstaub,,1603648800,17.979583333333334,5.065833333333334
feinstaub,,1603652400,7.0969999999999995,1.8099999999999998
feinstaub,,1603656000,7.212799999999999,1.8984
feinstaub,,1603659600,7.870833333333334,1.8737499999999994
feinstaub,,1603663200,7.842799999999998,1.6372
feinstaub,,1603666800,8.026,1.2716
feinstaub,,1603670400,5.424166666666667,0.8679166666666666
feinstaub,,1603674000,6.395200000000001,0.956
feinstaub,,1603677600,7.241199999999999,1.0268
feinstaub,,1603681200,7.691249999999999,1.0041666666666667
feinstaub,,1603684800,9.7332,1.3348000000000002
feinstaub,,1603688400,10.742608695652171,1.9647826086956521
feinstaub,,1603692000,8.786111111111113,1.8333333333333333
feinstaub,,1603695600,15.5272,5.0120000000000005
feinstaub,,1603699200,16.0075,3.71875
feinstaub,,1603702800,16.016000000000002,2.904
feinstaub,,1603706400,16.2804,3.0959999999999996
feinstaub,,1603710000,16.930833333333336,3.072500000000001
feinstaub,,1603713600,15.8344,2.7604000000000006
feinstaub,,1603717200,10.499600000000001,2.281599999999999
feinstaub,,1603720800,9.0375,2.27375
feinstaub,,1603724400,9.236,3.1875999999999998
feinstaub,,1603728000,15.6644,5.728399999999999
feinstaub,,1603731600,20.90875,6.9375
feinstaub,,1603735200,15.639000000000001,3.7185
feinstaub,,1603738800,20.480833333333333,4.495416666666668
feinstaub,,1603742400,25.2,4.561818181818182
feinstaub,,1603746000,26.1692,4.6644
feinstaub,,1603749600,26.892,4.66
feinstaub,,1603753200,26.502916666666664,4.7974999999999985
feinstaub,,1603756800,19.3952,4.1044
feinstaub,,1603760400,12.913199999999996,4.2376
feinstaub,,1603764000,14.707499999999998,3.35875
feinstaub,,1603767600,13.462,3.2524
feinstaub,,1603771200,13.35304347826087,4.563043478260869
feinstaub,,1603774800,17.913181818181823,5.27590909090909
feinstaub,,1603778400,25.592272727272725,7.6468181818181815
feinstaub,,1603782000,21.02434782608696,5.956521739130436
feinstaub,,1603785600,16.944000000000003,4.740400000000001
feinstaub,,1603789200,22.572083333333335,6.32125
feinstaub,,1603792800,9.859166666666665,1.850833333333333
feinstaub,,1603796400,5.910526315789472,1.3457894736842106
feinstaub,,1603800000,4.3152380952380955,1.387142857142857
feinstaub,,1603803600,4.908,1.9283999999999992
feinstaub,,1603807200,4.634166666666666,1.2891666666666668
feinstaub,,1603810800,5.737083333333332,1.4833333333333332
feinstaub,,1603814400,4.083636363636364,1.0686363636363636
feinstaub,,1603818000,5.770909090909091,1.3868181818181817
feinstaub,,1603821600,11.715416666666664,2.4158333333333335
feinstaub,,1603825200,16.287826086956517,2.882608695652174
feinstaub,,1603828800,16.574347826086957,2.903913043478261
feinstaub,,1603832400,23.4012,4.77
feinstaub,,1603836000,31.363333333333326,4.80375
feinstaub,,1603839600,34.0596,5.3284
feinstaub,,1603843200,35.3656,5.4807999999999995
feinstaub,,1603846800,23.874166666666664,3.9450000000000003
feinstaub,,1603850400,18.3784,2.7664
feinstaub,,1603854000,18.212,2.5771999999999995
feinstaub,,1603857600,20.24166666666667,2.870416666666667
feinstaub,,1603861200,22.636250000000004,3.4691666666666667
feinstaub,,1603864800,21.798260869565212,3.1630434782608687
feinstaub,,1603868400,23.659999999999997,3.3651999999999997
feinstaub,,1603872000,20.9575,3.5866666666666664
feinstaub,,1603875600,18.05,3.0159999999999996
feinstaub,,1603879200,21.389199999999995,4.047999999999999
feinstaub,,1603882800,21.96875,3.7045833333333333
feinstaub,,1603886400,15.298,2.6188000000000007
feinstaub,,1603890000,17.644000000000002,3.3988
feinstaub,,1603893600,18.17083333333333,3.5425
feinstaub,,1603897200,23.019599999999997,4.103200000000001
feinstaub,,1603900800,14.075199999999997,2.5311999999999997
feinstaub,,1603904400,9.154166666666667,1.988333333333334
feinstaub,,1603908000,14.789599999999998,2.928
feinstaub,,1603911600,13.991666666666665,2.5954166666666674
feinstaub,,1603915200,10.312083333333335,1.937916666666667
feinstaub,,1603918800,9.4292,1.76
feinstaub,,1603922400,12.9648,2.3140000000000005
feinstaub,,1603926000,15.472000000000001,2.5031999999999996
feinstaub,,1603929600,14.855000000000002,2.454583333333334
feinstaub,,1603933200,17.241600000000002,2.6352
feinstaub,,1603936800,22.048000000000002,3.1487999999999996
feinstaub,,1603940400,17.157916666666665,2.7241666666666666
feinstaub,,1603944000,15.453999999999997,2.4308
feinstaub,,1603947600,16.205000000000002,2.6175
feinstaub,,1603951200,19.75181818181818,3.055454545454545
feinstaub,,1603954800,21.993999999999996,3.6224000000000003
feinstaub,,1603958400,30.1716,4.819599999999999
feinstaub,,1603962000,38.33916666666667,5.77625
feinstaub,,1603965600,34.0028,5.2788
feinstaub,,1603969200,15.427083333333336,2.41125
feinstaub,,1603972800,17.57041666666667,3.0433333333333343
feinstaub,,1603976400,21.372000000000003,3.5283999999999995
feinstaub,,1603980000,18.7912,2.9948
feinstaub,,1603983600,20.35958333333333,3.754166666666667
feinstaub,,1603987200,26.6776,4.466000000000001
feinstaub,,1603990800,31.336399999999994,5.129199999999998
feinstaub,,1603994400,30.59499999999999,4.9872727272727255
feinstaub,,1603998000,33.016956521739125,5.688695652173913
feinstaub,,1604001600,31.28791666666667,4.798333333333333
feinstaub,,1604005200,26.079166666666662,4.269583333333333
feinstaub,,1604008800,28.660000000000004,4.4456
feinstaub,,1604012400,26.660833333333333,3.9537500000000008
feinstaub,,1604016000,22.792083333333327,3.4779166666666668
feinstaub,,1604019600,26.863599999999998,3.9691999999999994
feinstaub,,1604023200,23.635,3.6366666666666667
feinstaub,,1604026800,28.727500000000003,4.268333333333333
feinstaub,,1604030400,23.445217391304343,3.731304347826087
feinstaub,,1604034000,29.2352380952381,4.573333333333333
feinstaub,,1604037600,34.61210526315791,5.535789473684211
feinstaub,,1604041200,30.702083333333334,5.06
feinstaub,,1604044800,28.2628,4.759199999999999
feinstaub,,1604048400,24.6036,4.135199999999999
feinstaub,,1604052000,17.509999999999998,3.0160869565217387
feinstaub,,1604055600,17.302916666666665,3.333333333333334
feinstaub,,1604059200,11.423333333333332,2.4370833333333333
feinstaub,,1604062800,9.84375,2.1508333333333334
feinstaub,,1604066400,6.012083333333334,1.3629166666666663
feinstaub,,1604070000,5.789999999999999,1.515416666666667
feinstaub,,1604073600,5.039199999999999,1.7172
feinstaub,,1604077200,5.003043478260869,1.3082608695652176
feinstaub,,1604080800,5.628800000000001,1.4756
feinstaub,,1604084400,6.078399999999999,1.6867999999999999
feinstaub,,1604088000,9.0525,1.902916666666667
feinstaub,,1604091600,17.8792,3.0652000000000004
feinstaub,,1604095200,16.436666666666667,3.422083333333333
feinstaub,,1604098800,11.311200000000001,2.992400000000001
feinstaub,,1604102400,17.582000000000004,4.361199999999999
feinstaub,,1604106000,16.706666666666667,4.05
feinstaub,,1604109600,14.9696,4.638800000000001
feinstaub,,1604113200,19.2024,4.962000000000001
feinstaub,,1604116800,16.612083333333334,4.257916666666666
feinstaub,,1604120400,13.8225,3.6005000000000003
feinstaub,,1604124000,13.123333333333333,3.6791666666666667
feinstaub,,1604127600,14.706249999999997,3.667499999999999
feinstaub,,1604131200,15.367916666666666,3.4941666666666666
feinstaub,,1604134800,15.163599999999999,3.6404
feinstaub,,1604138400,16.31958333333333,3.8875000000000015
feinstaub,,1604142000,18.640399999999996,4.6092
feinstaub,,1604145600,13.498333333333333,4.309583333333333
feinstaub,,1604149200,17.6332,5.0516000000000005
feinstaub,,1604152800,18.76,6.423599999999999
feinstaub,,1604156400,21.156249999999996,3.7454166666666673
feinstaub,,1604160000,20.202,3.5507999999999993
feinstaub,,1604163600,24.138800000000007,4.036
feinstaub,,1604167200,27.629166666666663,5.146249999999999
feinstaub,,1604170800,31.218799999999998,5.6080000000000005
feinstaub,,1604174400,32.52333333333332,6.013750000000001
feinstaub,,1604178000,34.7188,5.722799999999999
feinstaub,,1604181600,35.3628,6.0268
feinstaub,,1604185200,35.9125,5.7295833333333315
feinstaub,,1604188800,33.8036,5.5215999999999985
feinstaub,,1604192400,31.7396,5.2943999999999996
feinstaub,,1604196000,29.076249999999998,4.6625000000000005
feinstaub,,1604199600,27.490399999999994,4.3908
feinstaub,,1604203200,22.35333333333334,3.6820833333333334
feinstaub,,1604206800,28.066956521739133,4.51304347826087
feinstaub,,1604210400,26.589130434782607,4.260434782608695
feinstaub,,1604214000,15.446,2.3880000000000003
feinstaub,,1604217600,5.309166666666666,1.305416666666667
feinstaub,,1604221200,4.1979999999999995,1.014
feinstaub,,1604224800,14.826400000000001,2.648
feinstaub,,1604228400,47.58708333333334,8.494166666666667
feinstaub,,1604232000,50.98959999999999,8.9012
feinstaub,,1604235600,56.453600000000016,9.8
feinstaub,,1604239200,58.48625000000001,9.630833333333332
feinstaub,,1604242800,39.3356,7.188399999999999
feinstaub,,1604246400,6.084,1.7628
feinstaub,,1604250000,3.44304347826087,1.1043478260869564
feinstaub,,1604253600,3.4486363636363646,0.7427272727272727
feinstaub,,1604257200,8.232608695652173,2.4017391304347826
feinstaub,,1604260800,2.8523809523809525,0.6676190476190477
feinstaub,,1604264400,2.7822727272727272,0.5686363636363636
feinstaub,,1604268000,6.082727272727274,1.1645454545454546
feinstaub,,1604271600,15.652500000000002,2.420833333333333
feinstaub,,1604275200,14.489565217391304,2.4147826086956523
feinstaub,,1604278800,13.616666666666664,2.3338095238095242
feinstaub,,1604282400,14.3475,2.3524999999999996
feinstaub,,1604286000,14.281500000000003,2.315
feinstaub,,1604289600,11.257083333333332,2.0625
feinstaub,,1604293200,20.754347826086956,3.5995652173913046
feinstaub,,1604296800,29.788181818181826,5.03090909090909
feinstaub,,1604300400,20.378260869565217,4.187391304347826
feinstaub,,1604304000,27.196363636363643,5.095454545454545
feinstaub,,1604307600,37.62909090909091,6.680909090909091
feinstaub,,1604311200,27.954347826086952,5.242608695652174
feinstaub,,1604314800,6.662608695652173,1.36304347826087
feinstaub,,1604318400,6.168421052631579,1.5294736842105265
feinstaub,,1604322000,8.963749999999997,1.7766666666666666
feinstaub,,1604325600,14.688695652173912,2.816086956521739
feinstaub,,1604329200,17.234166666666667,3.3750000000000004
feinstaub,,1604332800,22.4412,4.07
feinstaub,,1604336400,13.934,2.8424
feinstaub,,1604340000,18.449166666666667,3.3020833333333326
feinstaub,,1604343600,16.151599999999995,2.975199999999999
feinstaub,,1604347200,16.805200000000003,3.0112
feinstaub,,1604350800,16.782083333333333,2.9391666666666656
feinstaub,,1604354400,19.281200000000002,3.193199999999999
feinstaub,,1604358000,20.87,3.4476
feinstaub,,1604361600,22.09166666666667,3.670416666666666
feinstaub,,1604365200,26.2504,4.064
feinstaub,,1604368800,25.729583333333327,4.05625
feinstaub,,1604372400,26.603999999999996,4.3
feinstaub,,1604376000,27.74625,4.516666666666665
feinstaub,,1604379600,23.056086956521742,3.36
feinstaub,,1604383200,22.800555555555555,3.4288888888888893
feinstaub,,1604386800,20.558749999999996,2.86875
feinstaub,,1604390400,12.363478260869567,2.7143478260869567
feinstaub,,1604394000,4.5363999999999995,0.9067999999999999
feinstaub,,1604397600,2.2270833333333333,0.6208333333333335
feinstaub,,1604401200,4.692916666666666,1.03
feinstaub,,1604404800,4.72625,1.0366666666666666
feinstaub,,1604408400,5.378,1.2474999999999998
feinstaub,,1604412000,7.86,2.0930434782608693
feinstaub,,1604415600,10.917199999999998,2.8331999999999997
feinstaub,,1604419200,9.48333333333333,2.114583333333334
feinstaub,,1604422800,18.6344,7.4908
feinstaub,,1604426400,13.139199999999999,3.3871999999999995
feinstaub,,1604430000,18.90375,5.8187500000000005
feinstaub,,1604433600,18.8008,4.554
feinstaub,,1604437200,22.914999999999996,7.851249999999999
feinstaub,,1604440800,21.961199999999998,6.182
feinstaub,,1604444400,21.167600000000004,6.013199999999999
feinstaub,,1604448000,15.549166666666666,3.9225
feinstaub,,1604451600,19.496799999999997,5.322
feinstaub,,1604455200,15.102400000000005,4.356000000000001
feinstaub,,1604458800,12.450833333333335,3.690833333333334
feinstaub,,1604462400,11.2964,3.1900000000000004
feinstaub,,1604466000,13.92869565217391,4.631304347826088
feinstaub,,1604469600,11.678750000000003,3.525
feinstaub,,1604473200,12.0324,3.6176
feinstaub,,1604476800,17.111666666666665,5.982499999999999
feinstaub,,1604480400,14.711599999999999,4.0771999999999995
feinstaub,,1604484000,13.319600000000001,3.4568
feinstaub,,1604487600,13.28416666666667,3.5091666666666668
feinstaub,,1604491200,12.896,3.7788000000000004
feinstaub,,1604494800,13.472916666666665,4.060833333333333
feinstaub,,1604498400,15.117199999999999,4.563599999999999
feinstaub,,1604502000,16.282727272727275,4.491363636363636
feinstaub,,1604505600,22.225882352941174,7.293529411764705
feinstaub,,1604509200,18.234375,5.695000000000001
feinstaub,,1604512800,23.879999999999995,9.296000000000001
feinstaub,,1604516400,25.39684210526316,11.04894736842105
feinstaub,,1604520000,22.330833333333334,8.8675
feinstaub,,1604523600,21.614285714285717,9.196666666666667
feinstaub,,1604527200,25.598888888888894,10.509444444444446
feinstaub,,1604530800,22.567222222222227,9.666111111111112
feinstaub,,1604534400,24.3895652173913,10.513913043478261
feinstaub,,1604538000,25.269444444444446,10.377777777777778
feinstaub,,1604541600,25.395555555555553,11.036666666666669
feinstaub,,1604545200,26.502,10.9025
feinstaub,,1604548800,24.951874999999994,10.808125
feinstaub,,1604552400,29.305909090909093,12.07909090909091
feinstaub,,1604556000,66.98863636363637,16.742727272727276
feinstaub,,1604559600,56.737647058823526,14.559411764705883
feinstaub,,1604563200,54.84058823529412,14.18705882352941
feinstaub,,1604566800,27.027333333333335,12.411999999999999
feinstaub,,1604570400,25.827692307692306,13.277692307692307
feinstaub,,1604574000,34.062,21.566
feinstaub,,1604577600,36.26631578947368,22.084210526315786
feinstaub,,1604581200,13.029444444444444,5.278888888888888
feinstaub,,1604584800,14.153157894736843,5.338947368421053
feinstaub,,1604588400,14.236250000000002,4.900625000000001
feinstaub,,1604592000,34.05947368421052,14.019999999999996
feinstaub,,1604595600,41.698125000000005,17.924999999999997
feinstaub,,1604599200,57.63428571428572,28.26285714285714
feinstaub,,1604602800,75.62375000000002,38.648125
feinstaub,,1604606400,102.97,55.86874999999999
feinstaub,,1604610000,95.06176470588237,47.05764705882352
feinstaub,,1604613600,59.77611111111111,27.680000000000003
feinstaub,,1604617200,48.540909090909096,25.785454545454545
feinstaub,,1604620800,69.43294117647058,32.59294117647058
feinstaub,,1604624400,53.3375,30.307500000000005
feinstaub,,1604628000,61.828333333333326,32.891666666666666
feinstaub,,1604631600,46.90470588235294,27.550588235294118
feinstaub,,1604635200,46.06538461538461,27.26384615384615
feinstaub,,1604638800,49.784285714285716,28.874285714285715
feinstaub,,1604642400,49.58866666666667,28.96133333333334
feinstaub,,1604646000,57.335,32.65599999999999
feinstaub,,1604649600,65.01727272727273,35.02909090909091
feinstaub,,1604653200,60.039999999999985,32.80052631578947
feinstaub,,1604656800,56.92791666666667,32.21208333333334
feinstaub,,1604660400,45.305200000000006,24.4744
feinstaub,,1604664000,21.708399999999997,10.324000000000002
feinstaub,,1604667600,14.524166666666666,6.4366666666666665
feinstaub,,1604671200,15.549600000000003,7.562399999999999
feinstaub,,1604674800,14.964999999999996,6.7225
feinstaub,,1604678400,23.043200000000002,11.879999999999997
feinstaub,,1604682000,29.453600000000005,13.1008
feinstaub,,1604685600,39.38875,19.7475
feinstaub,,1604689200,45.241666666666674,23.61583333333333
feinstaub,,1604692800,46.625,24.701666666666668
feinstaub,,1604696400,45.04920000000001,24.1396
feinstaub,,1604700000,41.0132,22.062400000000004
feinstaub,,1604703600,39.632083333333334,21.14
feinstaub,,1604707200,47.04,24.118
feinstaub,,1604710800,38.895,20.435416666666665
feinstaub,,1604714400,40.112399999999994,21.303600000000003
feinstaub,,1604718000,40.06625,21.34875
feinstaub,,1604721600,41.56041666666666,21.984583333333333
feinstaub,,1604725200,41.60473684210526,22.404210526315786
feinstaub,,1604728800,41.29888888888889,22.64611111111111
feinstaub,,1604732400,44.47875,23.555833333333325
feinstaub,,1604736000,57.668800000000005,28.0064
feinstaub,,1604739600,147.67916666666667,40.67666666666667
feinstaub,,1604743200,54.8704,29.95559999999999
feinstaub,,1604746800,34.19291666666666,21.577916666666663
feinstaub,,1604750400,31.89,20.4868
feinstaub,,1604754000,36.09625,23.95708333333333
feinstaub,,1604757600,36.117999999999995,23.007199999999994
feinstaub,,1604761200,31.717083333333324,19.831666666666667
feinstaub,,1604764800,41.4996,25.616
feinstaub,,1604768400,77.972,49.486000000000004
feinstaub,,1604772000,190.78666666666672,112.97791666666666
feinstaub,,1604775600,224.57840000000004,132.98840000000004
feinstaub,,1604779200,385.2768,136.3692
feinstaub,,1604782800,905.7354166666668,261.6012500000001
feinstaub,,1604786400,520.2464000000001,199.91000000000008
feinstaub,,1604790000,210.21840000000003,118.57400000000003
feinstaub,,1604793600,253.27666666666667,136.16541666666663
feinstaub,,1604797200,171.868,100.4632
feinstaub,,1604800800,147.72875000000002,86.57875
feinstaub,,1604804400,144.41160000000002,84.89720000000001
feinstaub,,1604808000,129.89333333333335,77.17541666666666
feinstaub,,1604811600,106.74913043478261,66.24043478260869
feinstaub,,1604815200,139.16,80.97789473684209
feinstaub,,1604818800,215.25608695652173,87.18999999999998
feinstaub,,1604822400,209.77720000000005,89.09120000000001
feinstaub,,1604826000,195.5545833333334,93.36708333333333
feinstaub,,1604829600,123.82079999999998,58.51120000000001
feinstaub,,1604833200,76.30720000000001,44.0304
feinstaub,,1604836800,54.90291666666666,35.29208333333333
feinstaub,,1604840400,57.3216,36.0692
feinstaub,,1604844000,71.8376,45.91439999999999
feinstaub,,1604847600,74.18666666666667,46.6975
feinstaub,,1604851200,92.10079999999999,55.125600000000006
feinstaub,,1604854800,65.42000000000002,37.2152
feinstaub,,1604858400,90.23125,40.621249999999996
feinstaub,,1604862000,90.74,40.108695652173914
feinstaub,,1604865600,98.10599999999998,42.62839999999999
feinstaub,,1604869200,96.92240000000001,42.4376
feinstaub,,1604872800,96.6420833333333,39.31291666666666
feinstaub,,1604876400,97.90680000000002,39.854
feinstaub,,1604880000,81.35560000000001,38.102399999999996
feinstaub,,1604883600,55.68826086956523,30.59434782608696
feinstaub,,1604887200,39.785000000000004,23.4075
feinstaub,,1604890800,40.1152,22.9564
feinstaub,,1604894400,71.97416666666668,27.59249999999999
feinstaub,,1604898000,120.04941176470588,26.210588235294114
feinstaub,,1604901600,65.23833333333333,21.952222222222222
feinstaub,,1604905200,81.9785,22.173499999999997
feinstaub,,1604908800,96.85958333333332,25.262916666666666
feinstaub,,1604912400,95.08760000000002,41.55440000000001
feinstaub,,1604916000,33.28695652173913,21.234347826086953
feinstaub,,1604919600,13.973749999999997,8.025833333333333
feinstaub,,1604923200,16.57125,8.167916666666667
feinstaub,,1604926800,9.1852,3.9200000000000004
feinstaub,,1604930400,8.419599999999997,3.5356000000000005
feinstaub,,1604934000,11.625833333333333,5.174583333333333
feinstaub,,1604937600,17.37458333333333,8.496250000000002
feinstaub,,1604941200,29.043750000000003,14.899166666666666
feinstaub,,1604944800,36.6972,22.172800000000002
feinstaub,,1604948400,71.10875,40.4
feinstaub,,1604952000,87.29,48.96079999999999
feinstaub,,1604955600,114.92319999999998,59.6744
feinstaub,,1604959200,153.22500000000002,63.73833333333334
feinstaub,,1604962800,87.64708333333334,48.63958333333333
feinstaub,,1604966400,77.19791666666667,42.96541666666667
feinstaub,,1604970000,68.30799999999999,36.49999999999999
feinstaub,,1604973600,86.64875,44.25791666666667
feinstaub,,1604977200,225.68039999999996,53.72199999999998
feinstaub,,1604980800,70.6254166666667,36.77250000000001
feinstaub,,1604984400,53.26761904761904,29.02904761904762
feinstaub,,1604988000,73.2836842105263,35.94999999999999
feinstaub,,1604991600,52.07608695652174,27.552173913043475
feinstaub,,1604995200,19.1588,11.544799999999999
feinstaub,,1604998800,16.332083333333333,8.61875
feinstaub,,1605002400,10.5164,3.1784
feinstaub,,1605006000,9.433200000000001,1.8119999999999998
feinstaub,,1605009600,9.584999999999999,1.968333333333333
feinstaub,,1605013200,8.7525,2.2841666666666667
feinstaub,,1605016800,10.423750000000002,2.6787500000000004
feinstaub,,1605020400,17.487199999999998,6.755200000000001
feinstaub,,1605024000,17.580434782608695,4.747391304347826
feinstaub,,1605027600,15.111199999999998,3.8404000000000003
feinstaub,,1605031200,17.506666666666664,6.099166666666665
feinstaub,,1605034800,27.840416666666666,12.621666666666664
feinstaub,,1605038400,28.69120000000001,13.522
feinstaub,,1605042000,34.635416666666664,18.885416666666664
feinstaub,,1605045600,55.779600000000016,28.462800000000005
feinstaub,,1605049200,91.99160000000002,34.6956
feinstaub,,1605052800,133.16200000000003,30.719199999999997
feinstaub,,1605056400,190.31500000000003,36.96875
feinstaub,,1605060000,166.1584,30.72640000000001
feinstaub,,1605063600,137.362,26.339200000000005
feinstaub,,1605067200,98.44863636363638,23.400000000000002
feinstaub,,1605070800,116.21809523809527,19.923333333333336
feinstaub,,1605074400,45.12842105263158,18.178421052631574
feinstaub,,1605078000,23.3952380952381,13.14095238095238
feinstaub,,1605081600,54.3475,32.57875
feinstaub,,1605085200,19.098333333333333,7.505416666666668
feinstaub,,1605088800,12.955652173913045,3.5243478260869567
feinstaub,,1605092400,10.718799999999998,3.129599999999999
feinstaub,,1605096000,11.610833333333337,3.7191666666666663
feinstaub,,1605099600,71.9852,36.33800000000001
feinstaub,,1605103200,19.2756,6.494400000000001
feinstaub,,1605106800,12.88391304347826,4.111739130434782
feinstaub,,1605110400,14.5132,5.006799999999999
feinstaub,,1605114000,16.26625,4.98375
feinstaub,,1605117600,18.056799999999996,6.626799999999999
feinstaub,,1605121200,15.4856,5.05
feinstaub,,1605124800,13.161666666666669,4.064166666666666
feinstaub,,1605128400,15.961999999999998,5.314000000000001
feinstaub,,1605132000,14.833200000000001,4.6204
feinstaub,,1605135600,12.820416666666668,2.9620833333333327
feinstaub,,1605139200,12.4248,1.9076
feinstaub,,1605142800,17.6848,2.4951999999999996
feinstaub,,1605146400,19.438750000000002,2.6966666666666668
feinstaub,,1605150000,22.106400000000004,2.9428
feinstaub,,1605153600,26.9395652173913,3.737826086956523
feinstaub,,1605157200,25.368421052631586,3.866842105263158
feinstaub,,1605160800,15.805,2.4945454545454546
feinstaub,,1605164400,14.466956521739126,2.5104347826086952
feinstaub,,1605168000,13.938571428571427,2.5485714285714285
feinstaub,,1605171600,13,2.4
feinstaub,,1605175200,13,2.4
feinstaub,,1605178800,11.438749999999999,2.0637499999999998
feinstaub,,1605182400,13.17047619047619,2.7776190476190483
feinstaub,,1605186000,14.90826086956522,2.9113043478260874
feinstaub,,1605189600,18.945416666666663,3.79625
feinstaub,,1605193200,18.870454545454542,3.260909090909091
feinstaub,,1605196800,25.895,5.20375
feinstaub,,1605200400,31.54625,8.404166666666663
feinstaub,,1605204000,25.30400000000001,5.684399999999999
feinstaub,,1605207600,25.457083333333333,5.952083333333334
feinstaub,,1605211200,27.472399999999997,6.903199999999999
feinstaub,,1605214800,20.7824,3.978
feinstaub,,1605218400,23.263749999999998,4.465416666666666
feinstaub,,1605222000,20.910800000000005,3.8928000000000003
feinstaub,,1605225600,20.5108,3.2332
feinstaub,,1605229200,22.696666666666662,3.1400000000000006
feinstaub,,1605232800,22.931200000000004,3.3779999999999997
feinstaub,,1605236400,21.7784,3.3072000000000004
feinstaub,,1605240000,22.237916666666674,3.2800000000000007
feinstaub,,1605243600,20.305714285714284,3.209047619047619
feinstaub,,1605247200,16.798571428571424,3.7076190476190476
feinstaub,,1605250800,8.306666666666665,1.87125
feinstaub,,1605254400,9.379999999999999,1.8558333333333332
feinstaub,,1605258000,11.088,1.8843999999999996
feinstaub,,1605261600,12.026799999999998,2.0136
feinstaub,,1605265200,6.726666666666666,1.4925
feinstaub,,1605268800,4.337599999999999,1.2104
feinstaub,,1605272400,5.28,1.2341666666666666
feinstaub,,1605276000,60.1888,24.3332
feinstaub,,1605279600,45.60291666666668,22.310000000000006
feinstaub,,1605283200,11.308000000000002,3.3975999999999993
feinstaub,,1605286800,16.075833333333332,6.059166666666667
feinstaub,,1605290400,22.093600000000002,8.703199999999999
feinstaub,,1605294000,22.342799999999997,7.827599999999999
feinstaub,,1605297600,33.09166666666666,11.772916666666667
feinstaub,,1605301200,28.597199999999997,11.9628
feinstaub,,1605304800,30.093199999999996,11.8796
feinstaub,,1605308400,32.7896,13.305200000000003
feinstaub,,1605312000,31.236666666666675,13.151249999999997
feinstaub,,1605315600,25.627599999999994,9.8792
feinstaub,,1605319200,12.046799999999998,2.1664
feinstaub,,1605322800,13.809583333333334,2.39
feinstaub,,1605326400,8.3116,3.5091999999999994
feinstaub,,1605330000,21.259166666666662,11.16541666666667
feinstaub,,1605333600,18.99208333333333,5.928750000000001
feinstaub,,1605337200,20.089583333333334,5.50125
feinstaub,,1605340800,20.389200000000002,5.185599999999999
feinstaub,,1605344400,19.342,5.0196000000000005
feinstaub,,1605348000,19.274347826086956,4.822608695652173
feinstaub,,1605351600,19.471200000000003,4.560000000000001
feinstaub,,1605355200,18.41416666666667,5.127916666666667
feinstaub,,1605358800,15.525652173913047,4.244782608695653
feinstaub,,1605362400,14.070799999999998,4.9388000000000005
feinstaub,,1605366000,16.65,6.732499999999999
feinstaub,,1605369600,18.2516,7.8052
feinstaub,,1605373200,25.124000000000002,10.388800000000002
feinstaub,,1605376800,22.99833333333334,8.892916666666666
feinstaub,,1605380400,23.6532,9.2788
feinstaub,,1605384000,16.3168,4.7072
feinstaub,,1605387600,21.7475,4.701249999999999
feinstaub,,1605391200,26.638,4.598799999999999
feinstaub,,1605394800,21.9408,4.202000000000001
feinstaub,,1605398400,22.632916666666663,5.752083333333334
feinstaub,,1605402000,15.4932,4.4748
feinstaub,,1605405600,20.74086956521739,4.674782608695652
feinstaub,,1605409200,20.054399999999998,4.477600000000001
feinstaub,,1605412800,11.688799999999999,3.246800000000001
feinstaub,,1605416400,22.308333333333334,4.75
feinstaub,,1605420000,19.532916666666665,4.459166666666666
feinstaub,,1605423600,4.073333333333332,1.015
feinstaub,,1605427200,3.910833333333334,0.7595833333333334
feinstaub,,1605430800,12.2456,1.9295999999999998
feinstaub,,1605434400,9.3048,1.6847999999999996
feinstaub,,1605438000,12.132500000000002,2.212500000000001
feinstaub,,1605441600,16.163599999999995,2.6203999999999996
feinstaub,,1605445200,24.945999999999998,3.884799999999999
feinstaub,,1605448800,26.21833333333333,4.25875
feinstaub,,1605452400,24.392,7.2976
feinstaub,,1605456000,23.65280000000001,4.402399999999999
feinstaub,,1605459600,6.8999999999999995,1.4254166666666663
feinstaub,,1605463200,10.831600000000002,4.069999999999999
feinstaub,,1605466800,10.417600000000002,2.3012
feinstaub,,1605470400,13.279166666666667,2.1895833333333337
feinstaub,,1605474000,14.9088,2.5932
feinstaub,,1605477600,14.7376,2.5267999999999997
feinstaub,,1605481200,13.206799999999996,2.1192
feinstaub,,1605484800,13.223750000000003,2.0650000000000004
feinstaub,,1605488400,11.748800000000001,1.9052000000000004
feinstaub,,1605492000,12.854800000000001,1.8755999999999997
feinstaub,,1605495600,11.780416666666666,1.7020833333333334
feinstaub,,1605499200,8.8272,1.4880000000000002
feinstaub,,1605502800,9.28782608695652,1.5947826086956525
feinstaub,,1605506400,13.312272727272727,2.2204545454545457
feinstaub,,1605510000,17.629090909090905,3.045
feinstaub,,1605513600,25.141199999999998,10.411600000000004
feinstaub,,1605517200,15.175416666666665,3.550833333333332
feinstaub,,1605520800,19.806799999999996,4.676
feinstaub,,1605524400,18.426,3.394399999999999
feinstaub,,1605528000,19.355416666666663,3.692083333333334
feinstaub,,1605531600,22.3484,3.7123999999999997
feinstaub,,1605535200,15.302499999999997,2.7337499999999992
feinstaub,,1605538800,14.119200000000001,2.3771999999999998
feinstaub,,1605542400,38.3472,14.1476
feinstaub,,1605546000,32.06083333333333,7.800416666666667
feinstaub,,1605549600,24.961599999999997,3.7228
feinstaub,,1605553200,23.268399999999996,3.4227999999999996
feinstaub,,1605556800,22.3475,3.9187500000000006
feinstaub,,1605560400,17.8252,2.6972000000000005
feinstaub,,1605564000,26.85695652173913,3.9669565217391307
feinstaub,,1605567600,33.7768,4.8351999999999995
feinstaub,,1605571200,26.25666666666666,3.8600000000000008
feinstaub,,1605574800,27.620799999999996,4.0268
feinstaub,,1605578400,19.658800000000006,2.9744
feinstaub,,1605582000,18.789166666666663,2.7479166666666663
feinstaub,,1605585600,13.891999999999998,2.2540000000000004
feinstaub,,1605589200,12.57304347826087,1.9630434782608692
feinstaub,,1605592800,13.49047619047619,1.9685714285714286
feinstaub,,1605596400,15.09958333333333,2.577083333333333
feinstaub,,1605600000,17.982400000000002,3.4303999999999997
feinstaub,,1605603600,15.336000000000004,2.3932000000000007
feinstaub,,1605607200,16.365833333333335,3.6737499999999996
feinstaub,,1605610800,13.4776,2.3975999999999997
feinstaub,,1605614400,13.611200000000002,2.4196
feinstaub,,1605618000,16.174999999999997,2.606363636363636
feinstaub,,1605621600,21.2324,3.5444000000000004
feinstaub,,1605625200,16.979200000000002,3.3635999999999995
feinstaub,,1605628800,17.32291666666666,2.922083333333333
feinstaub,,1605632400,19.735599999999998,3.3819999999999997
feinstaub,,1605636000,22.12375,3.5720833333333335
feinstaub,,1605639600,25.406399999999998,4.5576
feinstaub,,1605643200,24.7372,4.6292
feinstaub,,1605646800,19.730833333333337,3.309999999999999
feinstaub,,1605650400,16.72217391304348,2.9621739130434785
feinstaub,,1605654000,16.271199999999997,3.0864000000000003
feinstaub,,1605657600,18.953999999999997,3.1191999999999998
feinstaub,,1605661200,21.24208333333333,3.4475
feinstaub,,1605664800,24.858800000000006,4.002400000000001
feinstaub,,1605668400,25.694799999999997,4.2547999999999995
feinstaub,,1605672000,27.346666666666664,4.8549999999999995
feinstaub,,1605675600,27.191363636363636,4.591818181818183
feinstaub,,1605679200,29.360416666666666,4.8725
feinstaub,,1605682800,26.56458333333333,4.4624999999999995
feinstaub,,1605686400,25.3575,4.554583333333334
feinstaub,,1605690000,19.713999999999995,3.6296
feinstaub,,1605693600,14.7028,2.9635999999999996
feinstaub,,1605697200,14.937083333333335,3.209166666666667
feinstaub,,1605700800,13.8468,3.1608
feinstaub,,1605704400,15.064999999999996,3.2758333333333334
feinstaub,,1605708000,16.30913043478261,3.8713043478260873
feinstaub,,1605711600,14.434800000000003,3.7392000000000003
feinstaub,,1605715200,15.124166666666662,3.759166666666667
feinstaub,,1605718800,8.9724,2.2615999999999996
feinstaub,,1605722400,11.806399999999998,2.0416
feinstaub,,1605726000,19.489166666666666,3.395416666666667
feinstaub,,1605729600,25.492000000000004,4.048400000000001
feinstaub,,1605733200,22.9916,3.7436000000000003
feinstaub,,1605736800,21.54166666666666,3.3508333333333336
feinstaub,,1605740400,19.738799999999998,3.0747999999999998
feinstaub,,1605744000,19.8704,2.8844
feinstaub,,1605747600,17.715,2.819583333333334
feinstaub,,1605751200,18.906800000000004,2.9767999999999994
feinstaub,,1605754800,18.6572,2.7864000000000004
feinstaub,,1605758400,17.59,2.93375
feinstaub,,1605762000,15.722400000000002,2.5556
feinstaub,,1605765600,14.298333333333334,2.485833333333334
feinstaub,,1605769200,14.65125,2.3883333333333336
feinstaub,,1605772800,13.138399999999997,3.3844
feinstaub,,1605776400,8.457499999999998,1.6408333333333334
feinstaub,,1605780000,8.020800000000001,1.8516000000000004
feinstaub,,1605783600,6.5124,1.5139999999999998
feinstaub,,1605787200,7.922499999999999,2.5887499999999997
feinstaub,,1605790800,8.6168,2.7312
feinstaub,,1605794400,12.508333333333333,3.172083333333333
feinstaub,,1605798000,16.937600000000003,4.4159999999999995
feinstaub,,1605801600,10.698,3.202
feinstaub,,1605805200,11.862083333333333,4.257499999999999
feinstaub,,1605808800,13.536800000000001,5.4952
feinstaub,,1605812400,14.627499999999998,6.765416666666666
feinstaub,,1605816000,22.1924,10.633600000000001
feinstaub,,1605819600,20.129199999999997,9.392000000000001
feinstaub,,1605823200,16.46041666666667,6.8675
feinstaub,,1605826800,13.364399999999995,5.1556
feinstaub,,1605830400,12.788799999999998,4.5024
feinstaub,,1605834000,12.690416666666666,4.752916666666668
feinstaub,,1605837600,14.2288,6.3031999999999995
feinstaub,,1605841200,14.7732,6.9079999999999995
feinstaub,,1605844800,15.117499999999998,7.015416666666666
feinstaub,,1605848400,15.7672,6.136800000000001
feinstaub,,1605852000,14.540952380952382,6.139047619047618
feinstaub,,1605855600,15.794399999999996,7.073200000000001
feinstaub,,1605859200,32.389583333333334,15.978333333333337
feinstaub,,1605862800,18.9392,8.0452
feinstaub,,1605866400,29.3808,14.876
feinstaub,,1605870000,25.53333333333333,11.947083333333333
feinstaub,,1605873600,24.139599999999994,11.641599999999999
feinstaub,,1605877200,22.6756,9.952799999999998
feinstaub,,1605880800,14.950416666666667,4.256666666666667
feinstaub,,1605884400,20.652399999999997,5.813999999999998
feinstaub,,1605888000,11.650799999999997,4.473599999999999
feinstaub,,1605891600,9.418750000000001,4.689166666666666
feinstaub,,1605895200,8.306399999999998,2.5611999999999995
feinstaub,,1605898800,6.659999999999999,2.0532000000000004
feinstaub,,1605902400,5.615833333333334,1.8999999999999997
feinstaub,,1605906000,4.849599999999999,1.4047999999999998
feinstaub,,1605909600,4.597200000000001,1.232
feinstaub,,1605913200,5.9866666666666655,1.2708333333333333
feinstaub,,1605916800,8.171199999999999,1.4924000000000002
feinstaub,,1605920400,21.903750000000006,2.94875
feinstaub,,1605924000,17.9275,2.4966666666666675
feinstaub,,1605927600,11.958,1.7320000000000002
feinstaub,,1605931200,11.410416666666668,1.5841666666666667
feinstaub,,1605934800,11.185416666666669,1.6058333333333332
feinstaub,,1605938400,8.401904761904762,1.2833333333333332
feinstaub,,1605942000,8.043749999999998,1.5191666666666663
feinstaub,,1605945600,9.667083333333332,1.6554166666666665
feinstaub,,1605949200,13.440399999999997,3.042
feinstaub,,1605952800,13.985999999999999,2.2471999999999994
feinstaub,,1605956400,13.859166666666669,2.5741666666666663
feinstaub,,1605960000,13.628000000000002,2.3540000000000005
feinstaub,,1605963600,12.083043478260867,2.3286956521739133
feinstaub,,1605967200,13.051200000000003,2.6164
feinstaub,,1605970800,9.069599999999998,2.0688
feinstaub,,1605974400,10.822083333333333,2.692083333333334
feinstaub,,1605978000,15.298000000000002,5.0184
feinstaub,,1605981600,11.5924,2.2352000000000003
feinstaub,,1605985200,11.162916666666666,2.617916666666667
feinstaub,,1605988800,12.389599999999998,3.2624
feinstaub,,1605992400,7.535200000000001,1.7628
feinstaub,,1605996000,9.23375,1.8962500000000004
feinstaub,,1605999600,11.640799999999999,2.0836
feinstaub,,1606003200,13.420399999999997,2.2136
feinstaub,,1606006800,12.354800000000001,2.1079999999999997
feinstaub,,1606010400,12.945416666666665,2.002916666666667
feinstaub,,1606014000,11.7104,1.8939999999999997
feinstaub,,1606017600,10.824999999999998,1.855416666666667
feinstaub,,1606021200,9.485652173913042,1.7095652173913043
feinstaub,,1606024800,6.688571428571428,1.474761904761905
feinstaub,,1606028400,4.687391304347826,0.9639130434782609
feinstaub,,1606032000,4.621199999999999,1.5712000000000002
feinstaub,,1606035600,5.148333333333333,1.4770833333333335
feinstaub,,1606039200,5.3488,1.4948
feinstaub,,1606042800,8.3868,2.0900000000000007
feinstaub,,1606046400,9.459166666666667,2.65
feinstaub,,1606050000,9.2064,2.3084000000000002
feinstaub,,1606053600,7.9708000000000006,1.8104000000000005
feinstaub,,1606057200,11.316249999999998,3.510416666666666
feinstaub,,1606060800,14.421600000000002,5.255199999999999
feinstaub,,1606064400,14.9228,5.758399999999998
feinstaub,,1606068000,21.698333333333334,9.703333333333335
feinstaub,,1606071600,23.568400000000008,10.7096
feinstaub,,1606075200,29.0312,14.032
feinstaub,,1606078800,22.889999999999997,9.175416666666667
feinstaub,,1606082400,22.229199999999995,9.1132
feinstaub,,1606086000,21.9352,8.2464
feinstaub,,1606089600,23.746000000000002,9.670000000000002
feinstaub,,1606093200,23.84208333333333,9.788333333333334
feinstaub,,1606096800,22.453999999999997,9.6612
feinstaub,,1606100400,18.9116,9.006000000000002
feinstaub,,1606104000,21.322083333333328,8.88375
feinstaub,,1606107600,20.77958333333333,8.269583333333333
feinstaub,,1606111200,28.38652173913044,9.697391304347827
feinstaub,,1606114800,36.07260869565218,12.586521739130433
feinstaub,,1606118400,17.992916666666666,8.47875
feinstaub,,1606122000,17.1475,7.433333333333333
feinstaub,,1606125600,18.422400000000003,8.746
feinstaub,,1606129200,29.681200000000004,15.2848
feinstaub,,1606132800,33.418749999999996,18.053749999999997
feinstaub,,1606136400,41.6636,23.358800000000002
feinstaub,,1606140000,30.1688,15.785599999999999
feinstaub,,1606143600,35.11,17.94347826086956
feinstaub,,1606147200,37.19833333333333,18.179166666666664
feinstaub,,1606150800,28.605000000000004,13.182083333333333
feinstaub,,1606154400,21.727999999999998,9.622400000000003
feinstaub,,1606158000,16.734399999999997,7.1148
feinstaub,,1606161600,21.737916666666674,10.61125
feinstaub,,1606165200,11.361199999999998,4.3675999999999995
feinstaub,,1606168800,6.979200000000002,1.6443999999999996
feinstaub,,1606172400,6.5204166666666685,1.6708333333333334
feinstaub,,1606176000,7.060399999999999,1.4967999999999995
feinstaub,,1606179600,5.1752,0.9536
feinstaub,,1606183200,5.675833333333333,1.272083333333333
feinstaub,,1606186800,10.2596,2.7432
feinstaub,,1606190400,11.848800000000004,3.0084000000000004
feinstaub,,1606194000,11.019047619047619,2.0552380952380953
feinstaub,,1606197600,7.966500000000001,2.2125
feinstaub,,1606201200,9.471250000000001,2.933333333333333
feinstaub,,1606204800,8.6236,3.0196000000000005
feinstaub,,1606208400,9.9925,3.7708333333333335
feinstaub,,1606212000,11.8268,4.2948
feinstaub,,1606215600,9.631200000000002,3.2164000000000006
feinstaub,,1606219200,11.524999999999999,3.3662500000000004
feinstaub,,1606222800,12.174399999999999,3.5076
feinstaub,,1606226400,11.692,3.5135999999999994
feinstaub,,1606230000,13.494583333333331,5.068333333333334
feinstaub,,1606233600,16.018181818181816,6.083636363636364
feinstaub,,1606237200,16.6888,7.331599999999997
feinstaub,,1606240800,22.770000000000003,9.8324
feinstaub,,1606244400,19.730833333333337,8.155416666666666
feinstaub,,1606248000,28.653600000000004,12.581599999999998
feinstaub,,1606251600,20.6776,8.904399999999999
feinstaub,,1606255200,22.252916666666675,8.525833333333331
feinstaub,,1606258800,24.2196,9.366799999999998
feinstaub,,1606262400,22.82217391304348,8.728695652173913
feinstaub,,1606266000,23.329199999999997,9.3692
feinstaub,,1606269600,21.598333333333333,7.389583333333332
feinstaub,,1606273200,24.396666666666665,10.287916666666668
feinstaub,,1606276800,34.707600000000006,15.089999999999998
feinstaub,,1606280400,29.7491304347826,14.470869565217395
feinstaub,,1606284000,30.54,14.700869565217392
feinstaub,,1606287600,31.165217391304346,15.427391304347825
feinstaub,,1606291200,46.51080000000001,21.985200000000006
feinstaub,,1606294800,42.632400000000004,18.367599999999996
feinstaub,,1606298400,33.483200000000004,13.813200000000002
feinstaub,,1606302000,30.455416666666668,13.561250000000001
feinstaub,,1606305600,25.770799999999998,9.937999999999999
feinstaub,,1606309200,27.134399999999996,10.234399999999999
feinstaub,,1606312800,33.225833333333334,14.949583333333335
feinstaub,,1606316400,30.93166666666666,13.819583333333332
feinstaub,,1606320000,19.1628,8.850000000000001
feinstaub,,1606323600,12.074399999999999,7.8196
feinstaub,,1606327200,15.25958333333333,11.276666666666666
feinstaub,,1606330800,23.639199999999995,17.5612
feinstaub,,1606334400,26.279200000000007,18.9496
feinstaub,,1606338000,12.74,7.4412499999999975
feinstaub,,1606341600,10.494399999999999,3.5016000000000003
feinstaub,,1606345200,15.8584,6.006800000000002
feinstaub,,1606348800,26.140416666666667,11.814583333333333
feinstaub,,1606352400,27.8648,12.602
feinstaub,,1606356000,28.684166666666666,12.607083333333335
feinstaub,,1606359600,28.008400000000005,11.828
feinstaub,,1606363200,25.8812,10.745600000000001
feinstaub,,1606366800,25.267272727272726,9.878636363636362
feinstaub,,1606370400,25.303333333333338,10.426666666666668
feinstaub,,1606374000,27.191304347826087,10.439130434782609
feinstaub,,1606377600,23.5,9.070434782608695
feinstaub,,1606381200,16.887999999999998,5.578400000000001
feinstaub,,1606384800,19.537083333333335,6.316666666666667
feinstaub,,1606388400,19.124799999999997,6.8184000000000005
feinstaub,,1606392000,23.7704,9.8792
feinstaub,,1606395600,24.172916666666666,9.65
feinstaub,,1606399200,25.385199999999994,11.191999999999998
feinstaub,,1606402800,26.078400000000002,11.794400000000003
feinstaub,,1606406400,30.969999999999995,14.45
feinstaub,,1606410000,25.135416666666668,10.672916666666664
feinstaub,,1606413600,29.798000000000005,13.1736
feinstaub,,1606417200,30.5688,13.903599999999999
feinstaub,,1606420800,31.6975,14.17875
feinstaub,,1606424400,31.474400000000006,13.6624
feinstaub,,1606428000,34.276399999999995,15.548800000000002
feinstaub,,1606431600,35.73916666666667,16.173333333333332
feinstaub,,1606435200,39.387600000000006,18.822799999999997
feinstaub,,1606438800,43.2544,20.8428
feinstaub,,1606442400,38.91833333333332,19.055000000000003
feinstaub,,1606446000,28.548799999999993,13.208799999999998
feinstaub,,1606449600,21.92,9.706249999999999
feinstaub,,1606453200,18.48409090909091,8.068636363636362
feinstaub,,1606456800,16.567619047619047,6.36
feinstaub,,1606460400,14.463043478260872,5.526521739130433
feinstaub,,1606464000,13.877083333333337,5.251249999999998
feinstaub,,1606467600,14.117600000000003,6.2396
feinstaub,,1606471200,17.68,8.452
feinstaub,,1606474800,25.12958333333333,13.162083333333333
feinstaub,,1606478400,25.948400000000007,14.204399999999998
feinstaub,,1606482000,27.784000000000002,15.5832
feinstaub,,1606485600,30.97166666666666,16.094166666666666
feinstaub,,1606489200,30.9456,16.2908
feinstaub,,1606492800,34.14958333333333,18.453749999999996
feinstaub,,1606496400,36.952083333333334,20.58375
feinstaub,,1606500000,35.885999999999996,19.977999999999998
feinstaub,,1606503600,35.446799999999996,19.352
feinstaub,,1606507200,41.21083333333333,22.406250000000004
feinstaub,,1606510800,71.4328,35.26
feinstaub,,1606514400,97.9416,45.25
feinstaub,,1606518000,109.33666666666666,49.12833333333334
feinstaub,,1606521600,140.958,61.442
feinstaub,,1606525200,169.475,72.36916666666667
feinstaub,,1606528800,162.41833333333335,70.94166666666666
feinstaub,,1606532400,179.71880000000002,73.0096
feinstaub,,1606536000,197.08919999999998,78.1988
feinstaub,,1606539600,155.96458333333334,68.90499999999999
feinstaub,,1606543200,134.8988,67.20320000000001
feinstaub,,1606546800,127.5617391304348,64.42782608695653
feinstaub,,1606550400,122.18416666666667,60.430000000000014
feinstaub,,1606554000,109.54208333333334,57.50999999999999
feinstaub,,1606557600,81.0872,46.088
feinstaub,,1606561200,45.16166666666666,29.20583333333333
feinstaub,,1606564800,39.13,26.929999999999993
feinstaub,,1606568400,34.4036,23.378400000000003
feinstaub,,1606572000,41.62791666666667,27.20708333333334
feinstaub,,1606575600,69.65541666666668,42.36708333333333
feinstaub,,1606579200,116.51880000000003,66.0664
feinstaub,,1606582800,133.06359999999998,73.2296
feinstaub,,1606586400,129.9945833333334,71.82166666666667
feinstaub,,1606590000,109.54279999999999,62.1344
feinstaub,,1606593600,142.90760000000006,80.9296
feinstaub,,1606597200,156.05291666666665,75.86958333333332
feinstaub,,1606600800,445.0819999999999,87.3072
feinstaub,,1606604400,601.5627999999998,99.0696
feinstaub,,1606608000,508.6337499999999,79.29833333333333
feinstaub,,1606611600,165.43791666666664,54.53999999999999
feinstaub,,1606615200,125.60159999999998,49.5688
feinstaub,,1606618800,106.08750000000002,49.092916666666675
feinstaub,,1606622400,99.2656,48.302
feinstaub,,1606626000,95.32619047619048,46.36142857142857
feinstaub,,1606629600,91.36647058823527,44.568823529411766
feinstaub,,1606633200,86.89695652173913,47.08826086956522
feinstaub,,1606636800,70.19173913043478,40.98260869565218
feinstaub,,1606640400,68.972,42.0424
feinstaub,,1606644000,53.6272,34.7188
feinstaub,,1606647600,42.11208333333334,29.675416666666663
feinstaub,,1606651200,47.535199999999996,33.517999999999994
feinstaub,,1606654800,49.33959999999999,31.191999999999997
feinstaub,,1606658400,56.21541666666667,33.40416666666667
feinstaub,,1606662000,57.89880000000002,33.89880000000001
feinstaub,,1606665600,79.49520000000001,48.1048
feinstaub,,1606669200,69.48916666666666,41.69958333333333
feinstaub,,1606672800,69.7156,41.9212
feinstaub,,1606676400,77.37800000000001,45.13039999999999
feinstaub,,1606680000,80.97125000000001,46.61458333333334
feinstaub,,1606683600,83.03280000000001,47.69480000000001
feinstaub,,1606687200,86.8556,48.547599999999996
feinstaub,,1606690800,93.23875000000002,47.30708333333334
feinstaub,,1606694400,95.34679999999997,43.628
feinstaub,,1606698000,100.262,40.6684
feinstaub,,1606701600,100.96458333333334,38.90250000000001
feinstaub,,1606705200,121.972,40.7708
feinstaub,,1606708800,129.57304347826087,39.84391304347826
feinstaub,,1606712400,131.60333333333335,36.550000000000004
feinstaub,,1606716000,88.70055555555557,27.070555555555554
feinstaub,,1606719600,66.83708333333333,22.275833333333328
feinstaub,,1606723200,53.60850000000001,17.1615
feinstaub,,1606726800,45.00720000000001,15.323200000000002
feinstaub,,1606730400,41.635416666666664,15.948749999999999
feinstaub,,1606734000,25.715416666666655,12.755
feinstaub,,1606737600,17.7036,10.827999999999998
feinstaub,,1606741200,34.48500000000001,19.6025
feinstaub,,1606744800,44.7532,26.515199999999997
feinstaub,,1606748400,46.58560000000001,25.8268
feinstaub,,1606752000,52.717499999999994,28.79833333333333
feinstaub,,1606755600,105.42240000000004,52.781200000000005
feinstaub,,1606759200,31.080800000000004,16.8788
feinstaub,,1606762800,21.32478260869565,10.675652173913043
feinstaub,,1606766400,14.036666666666667,6.602916666666665
feinstaub,,1606770000,7.580416666666665,2.3154166666666662
feinstaub,,1606773600,7.626,1.7579999999999996
feinstaub,,1606777200,7.449200000000001,1.4856000000000003
feinstaub,,1606780800,8.5408,1.5060000000000002
feinstaub,,1606784400,8.073333333333332,1.40625
feinstaub,,1606788000,7.572,1.3035999999999999
feinstaub,,1606791600,8.468333333333334,1.410833333333333
feinstaub,,1606795200,8.804,1.4135
feinstaub,,1606798800,9.846666666666668,1.7555555555555555
feinstaub,,1606802400,10.881666666666666,1.7166666666666668
feinstaub,,1606806000,12.328,2.1180000000000008
feinstaub,,1606809600,15.147894736842103,3.1378947368421053
feinstaub,,1606813200,14.817142857142853,2.732380952380953
feinstaub,,1606816800,15.256521739130434,2.611739130434782
feinstaub,,1606820400,17.247200000000003,3.3483999999999994
feinstaub,,1606824000,16.618,3.3039999999999994
feinstaub,,1606827600,15.456249999999995,3.1545833333333335
feinstaub,,1606831200,17.299545454545456,3.311818181818182
feinstaub,,1606834800,18.853125,3.7037500000000003
feinstaub,,1606838400,18.523636363636367,3.6754545454545453
feinstaub,,1606842000,19.015000000000004,4.207857142857143
feinstaub,,1606845600,18.10222222222222,3.5
feinstaub,,1606849200,17.683999999999997,3.8223999999999996
feinstaub,,1606852800,16.086190476190477,3.97
feinstaub,,1606856400,14.700000000000003,3.9589473684210534
feinstaub,,1606860000,17.341,4.408
feinstaub,,1606863600,16.55047619047619,4.171428571428571
feinstaub,,1606867200,18.669583333333332,4.8575
feinstaub,,1606870800,19.007619047619045,5.439047619047619
feinstaub,,1606874400,18.562083333333337,6.062083333333331
feinstaub,,1606878000,19.244,6.0344
feinstaub,,1606881600,17.954399999999996,6.0120000000000005
feinstaub,,1606885200,19.279,6.073999999999999
feinstaub,,1606888800,19.130000000000003,6.4670000000000005
feinstaub,,1606892400,20.300952380952378,7.385714285714284
feinstaub,,1606896000,22.85736842105263,9.117368421052632
feinstaub,,1606899600,27.694347826086954,8.80695652173913
feinstaub,,1606903200,26.326923076923077,9.218461538461538
feinstaub,,1606906800,24.551875000000003,8.731875
feinstaub,,1606910400,24.41176470588235,8.874117647058823
feinstaub,,1606914000,25.560555555555556,8.530555555555557
feinstaub,,1606917600,23.98761904761905,6.89142857142857
feinstaub,,1606921200,18.455,4.530555555555556
feinstaub,,1606924800,21.061,6.342499999999999
feinstaub,,1606928400,23.082307692307687,7.547692307692307
feinstaub,,1606932000,26.096666666666664,8.628888888888888
feinstaub,,1606935600,33.60166666666667,12.61
feinstaub,,1606939200,46.9125,21.4375
feinstaub,,1606942800,46.79624999999999,24.335
feinstaub,,1606946400,41.124,22.052000000000003
feinstaub,,1606950000,40.42444444444444,22.660555555555558
feinstaub,,1606953600,43.08391304347826,23.195217391304354
feinstaub,,1606957200,40.535652173913036,20.770869565217392
feinstaub,,1606960800,25.32521739130435,9.862608695652172
feinstaub,,1606964400,21.554799999999997,7.370399999999998
feinstaub,,1606968000,22.32842105263158,7.14736842105263
feinstaub,,1606971600,24.661052631578944,6.746315789473685
feinstaub,,1606975200,25.007777777777775,7.728888888888887
feinstaub,,1606978800,27.89909090909091,8.33181818181818
feinstaub,,1606982400,12.705294117647059,2.495294117647059
feinstaub,,1606986000,10.695833333333333,2.067083333333334
feinstaub,,1606989600,8.489473684210525,1.8352631578947367
feinstaub,,1606993200,7.026363636363637,1.4040909090909095
feinstaub,,1606996800,10.039166666666665,1.7129166666666669
feinstaub,,1607000400,10.7672,1.9364000000000001
feinstaub,,1607004000,10.952800000000002,2.3588
feinstaub,,1607007600,13.072499999999998,2.439583333333333
feinstaub,,1607011200,7.9132,1.5788
feinstaub,,1607014800,9.606000000000002,2.9559999999999995
feinstaub,,1607018400,7.471666666666667,3.410833333333333
feinstaub,,1607022000,17.656666666666666,9.816666666666668
feinstaub,,1607025600,22.368333333333336,13.162916666666662
feinstaub,,1607029200,31.2912,19.8296
feinstaub,,1607032800,38.6696,22.319200000000002
feinstaub,,1607036400,45.95208333333333,26.89791666666666
feinstaub,,1607040000,22.780400000000004,13.6204
feinstaub,,1607043600,10.1636,6.586400000000001
feinstaub,,1607047200,6.581304347826087,4.194347826086957
feinstaub,,1607050800,6.8775999999999975,4.0924000000000005
feinstaub,,1607054400,7.2924,4.1228
feinstaub,,1607058000,15.542173913043479,9.046086956521739
feinstaub,,1607061600,23.962777777777774,14.313888888888894
feinstaub,,1607065200,15.75782608695652,10.562608695652173
feinstaub,,1607068800,28.707600000000003,13.107199999999999
feinstaub,,1607072400,12.0692,7.3208
feinstaub,,1607076000,8.593333333333332,5.08875
feinstaub,,1607079600,7.9345833333333315,4.690416666666667
feinstaub,,1607083200,6.398749999999999,2.9704166666666665
feinstaub,,1607086800,6.32,1.9955999999999998
feinstaub,,1607090400,4.895833333333333,1.3029166666666667
feinstaub,,1607094000,4.6036,1.2067999999999999
feinstaub,,1607097600,7.6751999999999985,2.5216000000000003
feinstaub,,1607101200,11.611600000000003,3.3651999999999993
feinstaub,,1607104800,12.975833333333334,3.5104166666666674
feinstaub,,1607108400,16.884,5.867600000000001
feinstaub,,1607112000,17.3108,5.7244
feinstaub,,1607115600,17.916666666666668,5.729166666666667
feinstaub,,1607119200,13.3272,3.8068
feinstaub,,1607122800,20.5656,7.645599999999998
feinstaub,,1607126400,16.466399999999993,5.4276
feinstaub,,1607130000,14.740000000000002,4.7174999999999985
feinstaub,,1607133600,13.847999999999997,4.9632
feinstaub,,1607137200,14.465000000000002,4.867083333333333
feinstaub,,1607140800,12.622,3.774800000000001
feinstaub,,1607144400,11.73,2.872272727272727
feinstaub,,1607148000,14.714545454545453,3.972272727272727
feinstaub,,1607151600,14.833181818181817,3.39909090909091
feinstaub,,1607155200,14.50090909090909,3
feinstaub,,1607158800,15.5475,2.8354166666666667
feinstaub,,1607162400,13.062400000000002,2.1996
feinstaub,,1607166000,12.933333333333332,2.437916666666667
feinstaub,,1607169600,12.134,2.4692000000000003
feinstaub,,1607173200,11.984799999999998,2.7192000000000003
feinstaub,,1607176800,13.128333333333336,3.035416666666667
feinstaub,,1607180400,11.196399999999999,2.6256
feinstaub,,1607184000,15.042400000000002,4.7299999999999995
feinstaub,,1607187600,12.838,3.8224
feinstaub,,1607191200,11.224166666666667,3.555416666666666
feinstaub,,1607194800,9.7416,3.3695999999999997
feinstaub,,1607198400,8.381250000000001,2.8404166666666666
feinstaub,,1607202000,7.6895999999999995,3.148
feinstaub,,1607205600,7.207999999999999,3.16
feinstaub,,1607209200,10.270416666666668,4.892916666666666
feinstaub,,1607212800,11.5124,6.552800000000001
feinstaub,,1607216400,13.206799999999996,6.9956
feinstaub,,1607220000,9.003913043478262,4.498260869565218
feinstaub,,1607223600,10.914000000000001,6.358
feinstaub,,1607227200,16.024583333333336,9.44625
feinstaub,,1607230800,9.664999999999997,5.496666666666666
feinstaub,,1607234400,9.233478260869564,5.172173913043478
feinstaub,,1607238000,11.293478260869565,6.93217391304348
feinstaub,,1607241600,13.47478260869565,7.873913043478261
feinstaub,,1607245200,17.367999999999995,10.490400000000001
feinstaub,,1607248800,17.236250000000002,9.854583333333332
feinstaub,,1607252400,14.7416,8.4544
feinstaub,,1607256000,14.978,8.5808
feinstaub,,1607259600,18.224999999999998,10.768333333333333
feinstaub,,1607263200,29.7724,17.94
feinstaub,,1607266800,31.640800000000002,18.504399999999997
feinstaub,,1607270400,23.52739130434783,14.3
feinstaub,,1607274000,30.063333333333333,18.028750000000002
feinstaub,,1607277600,31.6812,19.502400000000005
feinstaub,,1607281200,35.9096,21.241999999999997
feinstaub,,1607284800,39.755,23.85375
feinstaub,,1607288400,44.383599999999994,25.439599999999995
feinstaub,,1607292000,53.026399999999995,27.639999999999997
feinstaub,,1607295600,159.73166666666665,32.39291666666668
feinstaub,,1607299200,140.2088,28.234000000000005
feinstaub,,1607302800,120.31400000000002,25.4656
feinstaub,,1607306400,69.00500000000001,22.170833333333338
feinstaub,,1607310000,176.61720000000003,23.7804
feinstaub,,1607313600,314.0948000000001,29.203599999999998
feinstaub,,1607317200,130.26565217391305,21.16086956521739
feinstaub,,1607320800,88.00583333333333,16.761666666666667
feinstaub,,1607324400,49.941250000000004,14.95375
feinstaub,,1607328000,32.181666666666665,14.679166666666665
feinstaub,,1607331600,28.507600000000004,13.474
feinstaub,,1607335200,31.512916666666666,15.791249999999998
feinstaub,,1607338800,41.9796,21.296799999999998
feinstaub,,1607342400,44.1025,22.852916666666662
feinstaub,,1607346000,51.702,24.6288
feinstaub,,1607349600,69.51,30.867391304347834
feinstaub,,1607353200,66.39458333333334,31.020416666666662
feinstaub,,1607356800,60.96041666666665,28.573750000000004
feinstaub,,1607360400,47.856000000000016,20.986800000000002
feinstaub,,1607364000,52.805600000000005,22.048400000000004
feinstaub,,1607367600,53.66279999999999,22.7164
feinstaub,,1607371200,37.928333333333335,18.988333333333333
feinstaub,,1607374800,37.03039999999999,18.756399999999996
feinstaub,,1607378400,46.8688,23.0048
feinstaub,,1607382000,52.940000000000005,23.955000000000002
feinstaub,,1607385600,307.0432,35.989599999999996
feinstaub,,1607389200,133.2336,29.155199999999994
feinstaub,,1607392800,81.40916666666668,26.01583333333333
feinstaub,,1607396400,64.84,23.294
feinstaub,,1607400000,104.54360000000003,30.502800000000008
feinstaub,,1607403600,77.87541666666665,27.964166666666667
feinstaub,,1607407200,99.10333333333334,30.02333333333333
feinstaub,,1607410800,95.89600000000002,30.791199999999993
feinstaub,,1607414400,60.01208333333333,24.45
feinstaub,,1607418000,50.1892,22.719999999999995
feinstaub,,1607421600,48.85679999999999,22.2712
feinstaub,,1607425200,46.605,23.21541666666667
feinstaub,,1607428800,41.52680000000001,23.6648
feinstaub,,1607432400,30.532799999999998,17.2368
feinstaub,,1607436000,37.3548,21.1012
feinstaub,,1607439600,43.09833333333333,22.425833333333333
feinstaub,,1607443200,99.7492,30.992400000000004
feinstaub,,1607446800,127.6204,26.931999999999995
feinstaub,,1607450400,91.64291666666668,26.011666666666667
feinstaub,,1607454000,127.9412,28.3992
feinstaub,,1607457600,126.19120000000002,33.73479999999999
feinstaub,,1607461200,127.19666666666666,37.79333333333334
feinstaub,,1607464800,51.5196,23.3988
feinstaub,,1607468400,32.5464,17.964399999999998
feinstaub,,1607472000,27.428260869565207,15.608260869565218
feinstaub,,1607475600,40.083200000000005,20.79
feinstaub,,1607479200,43.86999999999999,22.792799999999996
feinstaub,,1607482800,39.11666666666667,20.684999999999995
feinstaub,,1607486400,32.0495,15.708000000000002
feinstaub,,1607490000,29.133333333333326,12.239999999999998
feinstaub,,1607493600,25.365714285714283,5.877142857142858
feinstaub,,1607497200,22.167727272727273,4.625454545454546
feinstaub,,1607500800,22.39625,4.380416666666666
feinstaub,,1607504400,20.584,3.8143999999999996
feinstaub,,1607508000,19.655200000000004,4.1452
feinstaub,,1607511600,22.37708333333333,4.85625
feinstaub,,1607515200,21.0256,4.822
feinstaub,,1607518800,20.9384,5.325199999999999
feinstaub,,1607522400,21.211250000000003,4.620833333333334
feinstaub,,1607526000,26.103200000000005,7.7928
feinstaub,,1607529600,31.782799999999995,10.712799999999998
feinstaub,,1607533200,38.76125,13.856249999999998
feinstaub,,1607536800,36.2464,13.184799999999997
feinstaub,,1607540400,32.42791666666667,11.269583333333332
feinstaub,,1607544000,26.711200000000005,8.8316
feinstaub,,1607547600,30.749166666666667,11.3275
feinstaub,,1607551200,33.436400000000006,13.244000000000002
feinstaub,,1607554800,34.41291666666667,13.099999999999996
feinstaub,,1607558400,30.4952,10.085599999999998
feinstaub,,1607562000,15.692000000000002,2.5560000000000005
feinstaub,,1607565600,17.738333333333333,3.0437499999999997
feinstaub,,1607569200,19.576666666666664,4.568749999999999
feinstaub,,1607572800,23.336400000000005,6.973999999999998
feinstaub,,1607576400,22.262083333333333,7.5995833333333325
feinstaub,,1607580000,26.759047619047628,9.431904761904761
feinstaub,,1607583600,33.52739130434783,12.606086956521736
feinstaub,,1607587200,33.27454545454545,12.418636363636365
feinstaub,,1607590800,32.5812,11.835600000000001
feinstaub,,1607594400,25.7548,8.9792
feinstaub,,1607598000,22.912499999999998,6.853749999999999
feinstaub,,1607601600,27.4516,7.807200000000002
feinstaub,,1607605200,25.167599999999993,8.2956
feinstaub,,1607608800,25.213750000000005,7.50125
feinstaub,,1607612400,17.616,5.038
feinstaub,,1607616000,16.0372,5.4639999999999995
feinstaub,,1607619600,12.582916666666668,4.797499999999999
feinstaub,,1607623200,14.3644,5.935999999999999
feinstaub,,1607626800,10.443600000000002,3.912
feinstaub,,1607630400,7.450833333333333,2.6095833333333336
feinstaub,,1607634000,8.155999999999997,3.3303999999999996
feinstaub,,1607637600,7.685199999999998,4.1824
feinstaub,,1607641200,6.89125,3.4575
feinstaub,,1607644800,13.6648,4.254
feinstaub,,1607648400,12.132,1.9152
feinstaub,,1607652000,9.460416666666667,1.6224999999999998
feinstaub,,1607655600,10.0676,1.6756000000000002
feinstaub,,1607659200,13.829600000000003,2.1035999999999997
feinstaub,,1607662800,13.010000000000003,2.0465217391304344
feinstaub,,1607666400,7.731249999999999,1.5768749999999998
feinstaub,,1607670000,9.032916666666667,2.9883333333333333
feinstaub,,1607673600,20.881818181818183,6.875454545454545
feinstaub,,1607677200,26.377916666666668,6.331250000000001
feinstaub,,1607680800,25.595600000000005,5.661999999999999
feinstaub,,1607684400,29.292173913043484,6.182173913043477
feinstaub,,1607688000,28.444400000000005,6.429599999999999
feinstaub,,1607691600,27.127499999999994,6.112916666666667
feinstaub,,1607695200,44.490434782608695,19.317391304347826
feinstaub,,1607698800,32.0832,5.9548000000000005
feinstaub,,1607702400,39.022000000000006,9.439200000000001
feinstaub,,1607706000,38.01,10.319166666666666
feinstaub,,1607709600,34.49608695652173,12.10391304347826
feinstaub,,1607713200,43.42799999999999,15.858000000000002
feinstaub,,1607716800,39.7124,17.274399999999996
feinstaub,,1607720400,40.73041666666666,15.825416666666667
feinstaub,,1607724000,45.44200000000001,16.964000000000002
feinstaub,,1607727600,43.8228,16.852000000000004
feinstaub,,1607731200,43.257999999999996,15.9144
feinstaub,,1607734800,40.63124999999999,14.429166666666667
feinstaub,,1607738400,37.52119999999999,13.530399999999997
feinstaub,,1607742000,35.951600000000006,14.809599999999998
feinstaub,,1607745600,35.87666666666667,14.407499999999999
feinstaub,,1607749200,47.6288,17.7932
feinstaub,,1607752800,67.96181818181817,23.392272727272726
feinstaub,,1607756400,41.39291666666666,16.332916666666666
feinstaub,,1607760000,23.73173913043478,9.227826086956522
feinstaub,,1607763600,14.303636363636361,5.714545454545454
feinstaub,,1607767200,7.5188,2.6460000000000004
feinstaub,,1607770800,6.476666666666667,1.4629166666666664
feinstaub,,1607774400,7.419166666666666,1.3866666666666667
feinstaub,,1607778000,8.1884,1.6760000000000006
feinstaub,,1607781600,8.211666666666668,1.8337500000000002
feinstaub,,1607785200,10.221200000000003,2.0511999999999997
feinstaub,,1607788800,9.33,1.8616666666666664
feinstaub,,1607792400,11.5172,2.9472000000000005
feinstaub,,1607796000,12.4125,3.1874999999999996
feinstaub,,1607799600,14.4736,4.3776
feinstaub,,1607803200,14.509583333333332,4.615833333333333
feinstaub,,1607806800,15.065200000000003,4.726400000000001
feinstaub,,1607810400,14.099599999999999,3.9528
feinstaub,,1607814000,14.87,4.239583333333333
feinstaub,,1607817600,16.521999999999995,4.6888
feinstaub,,1607821200,15.457599999999998,4.1276
feinstaub,,1607824800,16.17,5.456250000000001
feinstaub,,1607828400,15.722000000000001,5.3048
feinstaub,,1607832000,20.124000000000002,6.863599999999998
feinstaub,,1607835600,24.597083333333334,10.196250000000001
feinstaub,,1607839200,43.87625,19.929583333333333
feinstaub,,1607842800,30.34347826086957,14.263913043478258
feinstaub,,1607846400,26.51833333333333,11.637500000000001
feinstaub,,1607850000,30.37826086956522,12.998260869565216
feinstaub,,1607853600,29.136250000000004,11.324583333333337
feinstaub,,1607857200,12.967999999999996,2.2456
feinstaub,,1607860800,5.822800000000001,1.5860000000000003
feinstaub,,1607864400,9.282083333333333,2.03
feinstaub,,1607868000,18.483333333333334,4.711666666666666
feinstaub,,1607871600,12.707199999999998,4.7524
feinstaub,,1607875200,17.087500000000002,7.453333333333332
feinstaub,,1607878800,17.47913043478261,3.5221739130434786
feinstaub,,1607882400,10.584399999999999,2.3444000000000003
feinstaub,,1607886000,7.001999999999999,1.9323999999999995
feinstaub,,1607889600,11.02086956521739,3.132608695652174
feinstaub,,1607893200,3.1304347826086962,0.8708695652173913
feinstaub,,1607896800,16.01,2.575416666666667
feinstaub,,1607900400,21.683043478260874,3.205217391304348
feinstaub,,1607904000,24.471999999999998,3.5567999999999995
feinstaub,,1607907600,25.234800000000003,3.4504
feinstaub,,1607911200,22.014166666666668,3.2016666666666675
feinstaub,,1607914800,21.043999999999997,3.1072
feinstaub,,1607918400,18.144,2.6395999999999997
feinstaub,,1607922000,8.068181818181818,1.2963636363636364
feinstaub,,1607925600,21.876666666666665,2.801904761904762
feinstaub,,1607929200,32.15826086956522,4.422173913043479
feinstaub,,1607932800,35.46545454545455,5.0631818181818184
feinstaub,,1607936400,35.0548,5.172399999999999
feinstaub,,1607940000,29.9316,4.5652
feinstaub,,1607943600,30.30958333333334,4.664583333333334
feinstaub,,1607947200,31.451999999999998,5.1172
feinstaub,,1607950800,34.198,5.352800000000001
feinstaub,,1607954400,36.37625,5.712916666666666
feinstaub,,1607958000,37.08000000000001,5.854
feinstaub,,1607961600,39.126799999999996,5.996
feinstaub,,1607965200,27.264166666666668,4.396666666666666
feinstaub,,1607968800,15.0325,2.5808333333333335
feinstaub,,1607972400,18.481111111111108,3.3633333333333337
feinstaub,,1607976000,18.481111111111108,3.3633333333333337
feinstaub,,1607979600,13.108235294117648,2.4435294117647057
feinstaub,,1607983200,11.260399999999999,2.3803999999999994
feinstaub,,1607986800,9.396666666666667,2.013333333333333
feinstaub,,1607990400,11.6568,3.2867999999999995
feinstaub,,1607994000,12.971200000000001,3.048
feinstaub,,1607997600,13.87291666666667,2.2916666666666665
feinstaub,,1608001200,15.2632,1.8588000000000002
feinstaub,,1608004800,17.13625,2.2416666666666667
feinstaub,,1608008400,20.330454545454547,2.777727272727273
feinstaub,,1608012000,24.317083333333333,5.162916666666667
feinstaub,,1608015600,24.996249999999993,3.4975000000000005
feinstaub,,1608019200,28.963333333333335,4.409999999999999
feinstaub,,1608022800,28.6204,4.4159999999999995
feinstaub,,1608026400,26.67,3.9072000000000005
feinstaub,,1608030000,22.06041666666667,4.146666666666667
feinstaub,,1608033600,21.898400000000002,3.8680000000000008
feinstaub,,1608037200,19.971999999999998,3.4972
feinstaub,,1608040800,22.794999999999998,4.089583333333334
feinstaub,,1608044400,24.133999999999997,3.7363999999999997
feinstaub,,1608048000,25.100400000000004,3.9515999999999996
feinstaub,,1608051600,24.492500000000003,4.086666666666666
feinstaub,,1608055200,28.78,6.8932
feinstaub,,1608058800,24.017999999999997,4.4712
feinstaub,,1608062400,22.707916666666666,5.602499999999999
feinstaub,,1608066000,24.1616,5.0451999999999995
feinstaub,,1608069600,21.987199999999998,3.6376000000000004
feinstaub,,1608073200,21.058000000000003,2.9608000000000003
feinstaub,,1608076800,18.206666666666663,2.813333333333333
feinstaub,,1608080400,18.554799999999997,2.4868
feinstaub,,1608084000,19.0992,2.476
feinstaub,,1608087600,18.962916666666665,2.6583333333333337
feinstaub,,1608091200,17.991999999999997,2.6396
feinstaub,,1608094800,15.998260869565211,2.6269565217391304
feinstaub,,1608098400,16.476818181818178,3.1186363636363628
feinstaub,,1608102000,19.031,3.5170000000000003
feinstaub,,1608105600,19.270869565217396,3.854782608695652
feinstaub,,1608109200,16.896666666666665,3.486666666666667
feinstaub,,1608112800,14.437999999999999,3.8047999999999997
feinstaub,,1608116400,13.093749999999998,3.065416666666667
feinstaub,,1608120000,10.625599999999999,2.6460000000000004
feinstaub,,1608123600,14.174,3.2788
feinstaub,,1608127200,13.981250000000001,3.450833333333333
feinstaub,,1608130800,14.4724,3.616399999999999
feinstaub,,1608134400,18.555600000000002,5.193199999999999
feinstaub,,1608138000,20.81916666666667,5.605
feinstaub,,1608141600,13.3428,5.0935999999999995
feinstaub,,1608145200,21.198800000000002,8.081599999999998
feinstaub,,1608148800,18.656086956521737,4.909130434782608
feinstaub,,1608152400,14.453333333333333,3.7420833333333334
feinstaub,,1608156000,14.8124,3.234000000000001
feinstaub,,1608159600,16.8768,3.5867999999999993
feinstaub,,1608163200,16.195833333333336,3.3720833333333338
feinstaub,,1608166800,11.251999999999995,1.8424
feinstaub,,1608170400,8.2312,1.2211999999999998
feinstaub,,1608174000,11.146249999999997,1.5145833333333332
feinstaub,,1608177600,12.865599999999997,1.6268
feinstaub,,1608181200,11.533478260869565,1.5113043478260868
feinstaub,,1608184800,15.840454545454548,2.143636363636363
feinstaub,,1608188400,15.647142857142859,2.818095238095238
feinstaub,,1608192000,18.14363636363636,4.021363636363636
feinstaub,,1608195600,13.563181818181818,2.2404545454545457
feinstaub,,1608199200,13.617083333333333,2.0004166666666667
feinstaub,,1608202800,13.980799999999999,2.8939999999999997
feinstaub,,1608206400,16.4544,2.8948
feinstaub,,1608210000,17.74291666666667,3.3262499999999995
feinstaub,,1608213600,20.2468,3.1540000000000004
feinstaub,,1608217200,20.3876,3.831600000000001
feinstaub,,1608220800,26.423478260869565,4.856521739130435
feinstaub,,1608224400,23.79319999999999,3.872399999999999
feinstaub,,1608228000,25.508799999999997,4.424799999999999
feinstaub,,1608231600,22.226666666666663,3.8212500000000005
feinstaub,,1608235200,22.197999999999997,3.8724000000000007
feinstaub,,1608238800,19.8336,3.5139999999999993
feinstaub,,1608242400,20.22291666666667,3.4612499999999997
feinstaub,,1608246000,21.7052,3.112800000000001
feinstaub,,1608249600,21.500799999999998,3.2603999999999997
feinstaub,,1608253200,22.413750000000004,3.5687499999999996
feinstaub,,1608256800,23.610434782608696,3.5639130434782613
feinstaub,,1608260400,22.770799999999998,3.66
feinstaub,,1608264000,18.54,3.2208000000000006
feinstaub,,1608267600,21.01681818181818,3.6809090909090902
feinstaub,,1608271200,20.757272727272724,3.5313636363636367
feinstaub,,1608274800,21.915833333333335,3.9979166666666663
feinstaub,,1608278400,20.540399999999998,4.247999999999999
feinstaub,,1608282000,20.815416666666668,4.01875
feinstaub,,1608285600,20.28,3.77375
feinstaub,,1608289200,22.264583333333334,4.153333333333333
feinstaub,,1608292800,19.363599999999998,4.5772
feinstaub,,1608296400,21.133999999999997,5.1676
feinstaub,,1608300000,19.14875,5.739583333333333
feinstaub,,1608303600,18.1844,4.154
feinstaub,,1608307200,17.166800000000002,4.0476
feinstaub,,1608310800,15.91958333333333,4.483749999999999
feinstaub,,1608314400,14.703999999999999,4.128000000000001
feinstaub,,1608318000,13.768799999999999,4.099600000000001
feinstaub,,1608321600,13.423750000000004,3.977500000000001
feinstaub,,1608325200,14.514399999999998,4.5812
feinstaub,,1608328800,17.4976,4.571600000000001
feinstaub,,1608332400,16.10458333333333,4.4662500000000005
feinstaub,,1608336000,13.573599999999999,3.145199999999999
feinstaub,,1608339600,13.420399999999999,3.2332000000000005
feinstaub,,1608343200,13.662499999999996,3.34375
feinstaub,,1608346800,13.894800000000002,3.3764
feinstaub,,1608350400,16.6228,4.3296
feinstaub,,1608354000,17.578333333333333,4.995833333333333
feinstaub,,1608357600,13.873499999999998,4.4145
feinstaub,,1608361200,17.6332,4.9524
feinstaub,,1608364800,20.805416666666662,5.17
feinstaub,,1608368400,23.81583333333333,4.467083333333334
feinstaub,,1608372000,20.761999999999997,3.5532000000000004
feinstaub,,1608375600,17.717200000000002,3.0347999999999997
feinstaub,,1608379200,24.442083333333333,3.8320833333333333
feinstaub,,1608382800,18.263200000000005,3.1552000000000002
feinstaub,,1608386400,9.895200000000003,1.6512
feinstaub,,1608390000,22.49208333333333,3.7291666666666665
feinstaub,,1608393600,33.5608,5.562800000000001
feinstaub,,1608397200,36.392,6.289199999999999
feinstaub,,1608400800,32.419166666666676,5.658749999999999
feinstaub,,1608404400,38.22333333333333,7.335
feinstaub,,1608408000,24.461199999999998,4.277600000000001
feinstaub,,1608411600,24.34708333333333,4.599166666666666
feinstaub,,1608415200,25.912000000000003,3.6435999999999997
feinstaub,,1608418800,35.1972,5.136400000000001
feinstaub,,1608422400,19.295833333333334,2.744583333333333
feinstaub,,1608426000,17.556250000000002,2.382083333333333
feinstaub,,1608429600,9.0916,1.3128
feinstaub,,1608433200,9.095999999999998,1.34
feinstaub,,1608436800,14.58,1.8191666666666666
feinstaub,,1608440400,18.13173913043478,2.385217391304348
feinstaub,,1608444000,6.764545454545456,1.0649999999999997
feinstaub,,1608447600,4.985454545454545,0.835909090909091
feinstaub,,1608451200,9.075652173913042,1.2060869565217391
feinstaub,,1608454800,11.621250000000002,1.6416666666666668
feinstaub,,1608458400,10.606799999999998,1.6040000000000003
feinstaub,,1608462000,9.5175,1.5733333333333333
feinstaub,,1608465600,10.9296,1.7568000000000001
feinstaub,,1608469200,10.730400000000001,1.7775999999999998
feinstaub,,1608472800,13.368695652173914,3.1273913043478263
feinstaub,,1608476400,14.366000000000001,2.3324000000000003
feinstaub,,1608480000,15.065199999999995,2.662
feinstaub,,1608483600,18.402399999999997,3.528
feinstaub,,1608487200,18.257916666666663,3.344583333333333
feinstaub,,1608490800,20.142000000000003,3.8604000000000003
feinstaub,,1608494400,23.509199999999996,4.4072
feinstaub,,1608498000,16.08875,3.0408333333333335
feinstaub,,1608501600,14.0172,2.4528
feinstaub,,1608505200,15.577600000000002,2.246
feinstaub,,1608508800,18.254583333333333,2.285416666666667
feinstaub,,1608512400,21.880800000000004,2.9172000000000002
feinstaub,,1608516000,20.9652,2.9884000000000004
feinstaub,,1608519600,14.741666666666667,2.2
feinstaub,,1608523200,13.508000000000003,1.8012000000000001
feinstaub,,1608526800,9.009130434782609,1.4556521739130432
feinstaub,,1608530400,8.439565217391303,1.7169565217391303
feinstaub,,1608534000,5.89875,1.364583333333333
feinstaub,,1608537600,3.835833333333333,1.08125
feinstaub,,1608541200,2.528260869565217,0.591304347826087
feinstaub,,1608544800,3.0188,0.7452
feinstaub,,1608548400,3.53,0.9007999999999998
feinstaub,,1608552000,5.05375,1.4370833333333335
feinstaub,,1608555600,5.822799999999998,1.3267999999999998
feinstaub,,1608559200,10.943600000000002,2.0816000000000003
feinstaub,,1608562800,9.518333333333333,2.035416666666667
feinstaub,,1608566400,4.912799999999999,1.4363999999999997
feinstaub,,1608570000,3.6304000000000003,1.0656
feinstaub,,1608573600,2.9866666666666664,0.8245833333333334
feinstaub,,1608577200,4.5604000000000005,1.1796
feinstaub,,1608580800,6.947599999999999,1.6103999999999998
feinstaub,,1608584400,4.186521739130434,0.8882608695652175
feinstaub,,1608588000,2.7004,0.6824000000000001
feinstaub,,1608591600,5.911200000000001,1.1095999999999997
feinstaub,,1608595200,6.045416666666667,1.1370833333333332
feinstaub,,1608598800,5.819583333333331,1.0608333333333333
feinstaub,,1608602400,8.597083333333332,1.6083333333333334
feinstaub,,1608606000,14.5772,2.4828
feinstaub,,1608609600,10.894583333333332,1.9454166666666668
feinstaub,,1608613200,12.253599999999999,2.0467999999999993
feinstaub,,1608616800,10.650454545454545,1.8409090909090908
feinstaub,,1608620400,8.351818181818182,1.5909090909090908
feinstaub,,1608624000,8.188750000000002,1.9666666666666675
feinstaub,,1608627600,4.9772,1.3104000000000002
feinstaub,,1608631200,6.711666666666666,2.083333333333333
feinstaub,,1608634800,4.9963999999999995,1.1784
feinstaub,,1608638400,5.487916666666667,1.4516666666666664
feinstaub,,1608642000,10.373199999999999,4.7744
feinstaub,,1608645600,13.445599999999999,5.8848
feinstaub,,1608649200,10.404782608695653,3.2491304347826095
feinstaub,,1608652800,15.390800000000002,6.432
feinstaub,,1608656400,32.874399999999994,17.0368
feinstaub,,1608660000,33.788333333333334,19.27041666666667
feinstaub,,1608663600,18.732400000000005,7.9448
feinstaub,,1608667200,30.877499999999994,6.59875
feinstaub,,1608670800,37.92359999999999,10.0884
feinstaub,,1608674400,25.95200000000001,8.502
feinstaub,,1608678000,8.192083333333333,2.6124999999999994
feinstaub,,1608681600,4.7711999999999986,1.4760000000000004
feinstaub,,1608685200,1.535833333333333,0.44041666666666673
feinstaub,,1608688800,4.2976,0.8628
feinstaub,,1608692400,7.666250000000001,1.4654166666666668
feinstaub,,1608696000,10.5224,1.7331999999999999
feinstaub,,1608699600,17.0675,3.2395833333333335
feinstaub,,1608703200,10.418571428571429,1.6866666666666663
feinstaub,,1608706800,9.569999999999999,2.0391666666666666
feinstaub,,1608710400,8.621666666666668,1.8966666666666667
feinstaub,,1608714000,9.495909090909091,2.7786363636363642
feinstaub,,1608717600,8.519565217391303,1.5847826086956527
feinstaub,,1608721200,14.349200000000003,2.2188000000000003
feinstaub,,1608724800,13.429583333333332,2.2354166666666666
feinstaub,,1608728400,17.5092,3.0808
feinstaub,,1608732000,16.182916666666664,2.6712499999999992
feinstaub,,1608735600,12.769583333333332,2.140833333333333
feinstaub,,1608739200,10.612083333333336,2.6491666666666673
feinstaub,,1608742800,7.143199999999999,1.6192
feinstaub,,1608746400,9.7004,2.6872
feinstaub,,1608750000,13.396666666666667,2.6412500000000008
feinstaub,,1608753600,16.3924,3.6112
feinstaub,,1608757200,18.887999999999998,4.6568
feinstaub,,1608760800,20.374583333333334,5.1241666666666665
feinstaub,,1608764400,18.2696,5.773199999999999
feinstaub,,1608768000,9.964,2.5896
feinstaub,,1608771600,3.0068,0.7132000000000001
feinstaub,,1608775200,3.0025,0.5349999999999999
feinstaub,,1608778800,3.0331999999999995,0.5076
feinstaub,,1608782400,5.8088000000000015,0.8575999999999999
feinstaub,,1608786000,6.7075,1.1454166666666665
feinstaub,,1608789600,15.25,2.5115
feinstaub,,1608793200,12.108260869565218,1.9465217391304346
feinstaub,,1608796800,12.032399999999997,2.0692000000000004
feinstaub,,1608800400,11.223478260869568,2.009130434782609
feinstaub,,1608804000,8.375416666666666,1.6454166666666667
feinstaub,,1608807600,8.782799999999998,1.7999999999999998
feinstaub,,1608811200,6.567083333333334,1.787083333333334
feinstaub,,1608814800,4.7700000000000005,1.2123999999999997
feinstaub,,1608818400,6.1072000000000015,1.3092
feinstaub,,1608822000,6.177499999999999,1.3070833333333332
feinstaub,,1608825600,7.502000000000001,1.8055999999999996
feinstaub,,1608829200,10.2144,2.4160000000000004
feinstaub,,1608832800,12.948749999999997,2.662916666666667
feinstaub,,1608836400,12.0892,3.0656
feinstaub,,1608840000,9.48875,2.4200000000000004
feinstaub,,1608843600,8.968333333333334,2.2487500000000002
feinstaub,,1608847200,8.292,2.0124
feinstaub,,1608850800,8.9188,1.9768000000000003
feinstaub,,1608854400,9.159999999999998,1.8469565217391304
feinstaub,,1608858000,10.7456,1.9848
feinstaub,,1608861600,10.1976,1.8144000000000002
feinstaub,,1608865200,10.5668,1.8868000000000003
feinstaub,,1608868800,9.700416666666667,1.7075000000000005
feinstaub,,1608872400,7.364166666666667,1.480833333333333
feinstaub,,1608876000,7.2313636363636355,1.3245454545454545
feinstaub,,1608879600,9.463999999999999,1.9464000000000001
feinstaub,,1608883200,8.018333333333333,1.605416666666667
feinstaub,,1608886800,8.385199999999998,2.1216000000000004
feinstaub,,1608890400,11.547916666666666,2.0558333333333327
feinstaub,,1608894000,11.5392,2.2576000000000005
feinstaub,,1608897600,11.611999999999998,2.9983999999999997
feinstaub,,1608901200,9.004347826086958,2.218260869565217
feinstaub,,1608904800,8.420000000000002,2.386
feinstaub,,1608908400,9.816799999999999,3.0512000000000006
feinstaub,,1608912000,14.641200000000001,5.45
feinstaub,,1608915600,17.559583333333332,6.763750000000001
feinstaub,,1608919200,15.911999999999999,6.4456000000000016
feinstaub,,1608922800,14.401999999999997,5.0756
feinstaub,,1608926400,16.138749999999998,6.765416666666666
feinstaub,,1608930000,12.749599999999997,5.191599999999999
feinstaub,,1608933600,12.766399999999999,5.2627999999999995
feinstaub,,1608937200,11.768749999999997,4.487500000000001
feinstaub,,1608940800,10.681999999999999,3.7212
feinstaub,,1608944400,11.825600000000001,4.644799999999999
feinstaub,,1608948000,13.709200000000001,5.6339999999999995
feinstaub,,1608951600,11.406249999999998,4.557916666666666
feinstaub,,1608955200,10.936666666666667,4.363749999999999
feinstaub,,1608958800,11.44,4.073636363636363
feinstaub,,1608962400,10.554399999999998,4.047999999999999
feinstaub,,1608966000,8.386190476190476,2.9899999999999998
feinstaub,,1608969600,5.3917391304347815,1.2326086956521738
feinstaub,,1608973200,5.46875,1.0649999999999997
feinstaub,,1608976800,6.392799999999999,1.1556
feinstaub,,1608980400,6.887999999999998,1.3319999999999999
feinstaub,,1608984000,5.0344,1.1996
feinstaub,,1608987600,6.2058333333333335,1.1008333333333333
feinstaub,,1608991200,5.7232,1.1988
feinstaub,,1608994800,5.768399999999999,1.0484
feinstaub,,1608998400,6.362083333333332,1.182916666666667
feinstaub,,1609002000,8.404,1.4240000000000002
feinstaub,,1609005600,6.935416666666665,1.2970833333333331
feinstaub,,1609009200,9.513750000000002,1.9666666666666668
feinstaub,,1609012800,9.8776,1.6767999999999998
feinstaub,,1609016400,9.508333333333331,1.587083333333333
feinstaub,,1609020000,13.374000000000002,1.8440000000000003
feinstaub,,1609023600,10.597200000000003,1.6504000000000003
feinstaub,,1609027200,10.403999999999998,1.6632
feinstaub,,1609030800,11.344166666666666,1.7725
feinstaub,,1609034400,16.9264,2.5768
feinstaub,,1609038000,18.317500000000003,2.9675
feinstaub,,1609041600,23.4192,3.5664
feinstaub,,1609045200,23.048000000000002,3.2188
feinstaub,,1609048800,14.810999999999998,2.2915
feinstaub,,1609052400,9.162799999999999,1.3672000000000002
feinstaub,,1609056000,3.585416666666667,0.7274999999999999
feinstaub,,1609059600,9.139166666666664,1.4420833333333334
feinstaub,,1609063200,6.244583333333335,1.3970833333333335
feinstaub,,1609066800,5.0544,1.0435999999999996
feinstaub,,1609070400,5.7068,1.3167999999999997
feinstaub,,1609074000,6.829599999999999,1.5619999999999998
feinstaub,,1609077600,14.856666666666664,3.5475
feinstaub,,1609081200,12.531600000000001,2.4244000000000003
feinstaub,,1609084800,14.134400000000001,2.8696
feinstaub,,1609088400,19.377083333333335,5.255416666666666
feinstaub,,1609092000,39.894400000000005,15.995600000000001
feinstaub,,1609095600,34.367599999999996,13.633199999999999
feinstaub,,1609099200,46.55391304347827,19.850434782608694
feinstaub,,1609102800,47.978,20.0424
feinstaub,,1609106400,42.9684,17.388799999999996
feinstaub,,1609110000,35.07040000000001,13.568000000000001
feinstaub,,1609113600,32.52458333333333,12.880416666666667
feinstaub,,1609117200,28.628800000000002,10.418
feinstaub,,1609120800,29.194000000000006,12.2732
feinstaub,,1609124400,23.812916666666666,9.925
feinstaub,,1609128000,25.5984,11.0552
feinstaub,,1609131600,40.44541666666667,11.155416666666667
feinstaub,,1609135200,62.986250000000005,15.355000000000002
feinstaub,,1609138800,90.85666666666667,16.0275
feinstaub,,1609142400,152.7725,12.631666666666662
feinstaub,,1609146000,111.755,8.815
feinstaub,,1609149600,68.39240000000001,6.515200000000001
feinstaub,,1609153200,60.98,10.9324
feinstaub,,1609156800,21.47541666666667,12.002916666666666
feinstaub,,1609160400,30.897999999999996,17.4312
feinstaub,,1609164000,27.061200000000003,14.334400000000002
feinstaub,,1609167600,19.832083333333333,9.631666666666666
feinstaub,,1609171200,17.8656,8.995999999999999
feinstaub,,1609174800,22.779199999999996,13.7452
feinstaub,,1609178400,30.576400000000007,17.464800000000004
feinstaub,,1609182000,27.82541666666666,14.754166666666668
feinstaub,,1609185600,38.0796,19.038
feinstaub,,1609189200,48.25399999999999,24.121199999999998
feinstaub,,1609192800,50.86541666666667,24.805833333333336
feinstaub,,1609196400,45.33625,22.244999999999994
feinstaub,,1609200000,36.40440000000001,19.0124
feinstaub,,1609203600,41.153749999999995,20.844166666666666
feinstaub,,1609207200,37.87869565217392,18.97
feinstaub,,1609210800,29.5376,15.1532
feinstaub,,1609214400,25.04708333333333,13.415000000000001
feinstaub,,1609218000,23.222399999999997,12.4344
feinstaub,,1609221600,22.097727272727273,11.965909090909092
feinstaub,,1609225200,23.76666666666667,12.234583333333335
feinstaub,,1609228800,25.825909090909093,13.826818181818185
feinstaub,,1609232400,22.247916666666672,12.128333333333332
feinstaub,,1609236000,21.194166666666668,11.780833333333328
feinstaub,,1609239600,23.632800000000003,13.490800000000002
feinstaub,,1609243200,27.632499999999993,15.772916666666662
feinstaub,,1609246800,33.96959999999999,19.249599999999997
feinstaub,,1609250400,35.3056,19.6756
feinstaub,,1609254000,33.75320000000001,17.750799999999998
feinstaub,,1609257600,27.301249999999996,14.540416666666665
feinstaub,,1609261200,29.953999999999997,16.058799999999998
feinstaub,,1609264800,41.5304,22.465999999999998
feinstaub,,1609268400,37.786521739130436,20.295217391304345
feinstaub,,1609272000,53.26520000000001,28.2048
feinstaub,,1609275600,34.217600000000004,19.0332
feinstaub,,1609279200,26.56625,15.790833333333333
feinstaub,,1609282800,21.457600000000003,12.728399999999997
feinstaub,,1609286400,16.8276,9.432
feinstaub,,1609290000,23.40166666666667,12.55833333333333
feinstaub,,1609293600,30.4368,16.278
feinstaub,,1609297200,34.0788,17.565999999999995
feinstaub,,1609300800,37.02708333333333,18.452916666666663
feinstaub,,1609304400,28.2652,13.627999999999997
feinstaub,,1609308000,18.87272727272728,8.698636363636362
feinstaub,,1609311600,15.296666666666665,6.932916666666667
feinstaub,,1609315200,13.7024,6.2764
feinstaub,,1609318800,13.012500000000003,6.128333333333333
feinstaub,,1609322400,9.2272,3.874000000000001
feinstaub,,1609326000,8.816799999999999,3.536
feinstaub,,1609329600,10.357500000000003,3.1533333333333338
feinstaub,,1609333200,12.4028,3.6156
feinstaub,,1609336800,13.395200000000003,3.41
feinstaub,,1609340400,22.799999999999994,5.51125
feinstaub,,1609344000,25.4248,8.353199999999998
feinstaub,,1609347600,27.880800000000004,11.354399999999998
feinstaub,,1609351200,28.298333333333332,11.899166666666668
feinstaub,,1609354800,36.3736,15.759999999999998
feinstaub,,1609358400,44.044799999999995,19.6908
feinstaub,,1609362000,60.95640000000001,28.7652
feinstaub,,1609365600,61.30333333333334,29.745
feinstaub,,1609369200,80.6604,31.7724
feinstaub,,1609372800,48.5308,24.628
feinstaub,,1609376400,34.568749999999994,17.086666666666666
feinstaub,,1609380000,29.063599999999997,14.041599999999995
feinstaub,,1609383600,33.8608,15.943999999999996
feinstaub,,1609387200,42.732499999999995,20.031249999999996
feinstaub,,1609390800,45.74,22.108260869565218
feinstaub,,1609394400,50.887619047619054,23.609523809523807
feinstaub,,1609398000,50.159523809523805,23.349047619047614
feinstaub,,1609401600,48.577916666666674,22.472083333333334
feinstaub,,1609405200,47.9208695652174,23.208260869565216
feinstaub,,1609408800,45.8864,23.116799999999998
feinstaub,,1609412400,31.670800000000003,19.0972
feinstaub,,1609416000,30.363750000000007,18.068749999999998
feinstaub,,1609419600,35.897999999999996,18.223199999999995
feinstaub,,1609423200,32.695,16.08208333333333
feinstaub,,1609426800,30.3068,14.297600000000003
feinstaub,,1609430400,30.33458333333333,14.801249999999998
feinstaub,,1609434000,36.975833333333334,18.175
feinstaub,,1609437600,43.012083333333344,22.14958333333333
feinstaub,,1609441200,61.82333333333332,33.33291666666667
feinstaub,,1609444800,38.4204,21.763999999999996
feinstaub,,1609448400,42.09080000000001,24.164399999999997
feinstaub,,1609452000,45.98916666666667,26.19125
feinstaub,,1609455600,42.47800000000001,22.7788
feinstaub,,1609459200,35.9592,19.100800000000003
feinstaub,,1609462800,34.27041666666666,18.27916666666667
feinstaub,,1609466400,33.026399999999995,17.027599999999996
feinstaub,,1609470000,42.296800000000005,21.476799999999997
feinstaub,,1609473600,37.53,19.258749999999996
feinstaub,,1609477200,35.214583333333344,17.761249999999997
feinstaub,,1609480800,30.331363636363633,15.299090909090909
feinstaub,,1609484400,48.056250000000006,22.409999999999997
feinstaub,,1609488000,44.70434782608695,21.55652173913043
feinstaub,,1609491600,39.74086956521739,18.230869565217386
feinstaub,,1609495200,26.895600000000005,13.050400000000002
feinstaub,,1609498800,23.591666666666665,12.413333333333332
feinstaub,,1609502400,29.746470588235297,14.851764705882353
feinstaub,,1609506000,40.044799999999995,18.514400000000002
feinstaub,,1609509600,45.31041666666666,21.717083333333335
feinstaub,,1609513200,57.524800000000006,27.027200000000004
feinstaub,,1609516800,76.83520000000001,31.390000000000004
feinstaub,,1609520400,87.72,34.291304347826085
feinstaub,,1609524000,92.92208333333332,35.01749999999999
feinstaub,,1609527600,107.6225,38.23
feinstaub,,1609531200,101.54695652173913,36.35956521739131
feinstaub,,1609534800,94.00636363636363,35.76818181818182
feinstaub,,1609538400,77.49399999999999,32.4856
feinstaub,,1609542000,56.697142857142865,26.84190476190476
feinstaub,,1609545600,34.31470588235294,18.948823529411772
feinstaub,,1609549200,32.048,18.416000000000004
feinstaub,,1609552800,26.90285714285714,16.376666666666665
feinstaub,,1609556400,22.31583333333333,13.875833333333334
feinstaub,,1609560000,25.258399999999998,15.6808
feinstaub,,1609563600,25.68909090909091,15.495909090909088
feinstaub,,1609567200,22.829,13.482499999999998
feinstaub,,1609570800,21.695,12.484545454545453
feinstaub,,1609574400,16.231818181818184,9.279545454545453
feinstaub,,1609578000,12.461363636363632,7.271363636363635
feinstaub,,1609581600,9.771999999999998,4.1352
feinstaub,,1609585200,8.21875,2.4287499999999995
feinstaub,,1609588800,13.658399999999999,5.5888
feinstaub,,1609592400,9.399600000000001,3.8604
feinstaub,,1609596000,7.9608333333333325,2.9587499999999998
feinstaub,,1609599600,10.753999999999998,4.968799999999999
feinstaub,,1609603200,25.492500000000003,13.834583333333333
feinstaub,,1609606800,28.9852,13.9968
feinstaub,,1609610400,12.807083333333331,6.450416666666666
feinstaub,,1609614000,12.4828,6.4204
feinstaub,,1609617600,15.2928,7.885599999999999
feinstaub,,1609621200,31.314583333333328,13.848749999999997
feinstaub,,1609624800,18.064,9.543199999999999
feinstaub,,1609628400,19.36708333333333,10.525416666666667
feinstaub,,1609632000,25.4348,14.8396
feinstaub,,1609635600,30.230833333333333,17.450833333333332
feinstaub,,1609639200,25.969545454545457,13.67
feinstaub,,1609642800,13.801599999999999,7.4436
feinstaub,,1609646400,13.405454545454546,7.320454545454546
feinstaub,,1609650000,13.227222222222222,7.302777777777777
feinstaub,,1609653600,19.70733333333333,10.502
feinstaub,,1609657200,28.711904761904766,13.512380952380951
feinstaub,,1609660800,29.935454545454547,13.626818181818182
feinstaub,,1609664400,28.619999999999997,14.475555555555555
feinstaub,,1609668000,15.81,8.765454545454546
feinstaub,,1609671600,14.6692,7.949200000000001
feinstaub,,1609675200,54.062,29.067999999999998
feinstaub,,1609678800,22.471666666666664,11.77375
feinstaub,,1609682400,17.187499999999996,8.665
feinstaub,,1609686000,17.713,8.656
feinstaub,,1609689600,15.699000000000002,7.647999999999999
feinstaub,,1609693200,32.61928571428571,16.24357142857143
feinstaub,,1609696800,36.01520000000001,18.0796
feinstaub,,1609700400,33.632083333333334,16.834166666666665
feinstaub,,1609704000,26.43,11.7796
feinstaub,,1609707600,18.323571428571427,8.180714285714286
feinstaub,,1609711200,20.13909090909091,8.41636363636364
feinstaub,,1609714800,10.548235294117646,2.685882352941176
feinstaub,,1609718400,9.84153846153846,2.4092307692307693
feinstaub,,1609722000,12.240769230769233,2.9938461538461545
feinstaub,,1609725600,10.434,2.9939999999999998
feinstaub,,1609729200,10.977391304347824,2.767826086956522
feinstaub,,1609732800,11.779523809523809,3.2028571428571433
feinstaub,,1609736400,12.447999999999999,3.168
feinstaub,,1609740000,10.672222222222224,2.8599999999999994
feinstaub,,1609743600,9.885000000000002,2.955
feinstaub,,1609747200,12.81818181818182,5.013636363636364
feinstaub,,1609750800,10.748181818181818,2.790909090909091
feinstaub,,1609754400,29.8885,11.824499999999999
feinstaub,,1609758000,9.973636363636365,2.6509090909090913
feinstaub,,1609761600,11.059599999999998,2.7552000000000003
feinstaub,,1609765200,10.303333333333333,2.5087500000000005
feinstaub,,1609768800,10.574583333333333,2.7166666666666663
feinstaub,,1609772400,17.1736,4.3164
feinstaub,,1609776000,15.094799999999998,3.7016000000000004
feinstaub,,1609779600,19.36782608695652,7.832173913043477
feinstaub,,1609783200,12.9428,3.2672
feinstaub,,1609786800,12.095200000000002,2.5316
feinstaub,,1609790400,13.721304347826086,3.4434782608695653
feinstaub,,1609794000,10.238399999999999,2.3316
feinstaub,,1609797600,9.275599999999999,2.0307999999999997
feinstaub,,1609801200,9.55875,1.9204166666666669
feinstaub,,1609804800,10.518400000000002,2.2392000000000003
feinstaub,,1609808400,8.69391304347826,1.8813043478260871
feinstaub,,1609812000,9.214285714285714,2.0535714285714284
feinstaub,,1609815600,7.861999999999999,1.7429999999999997
feinstaub,,1609819200,6.777619047619048,1.7176190476190476
feinstaub,,1609822800,8.267999999999999,1.762
feinstaub,,1609826400,14.768400000000002,4.6416
feinstaub,,1609830000,12.080416666666666,2.27875
feinstaub,,1609833600,12.5056,2.8928000000000003
feinstaub,,1609837200,15.412799999999999,3.7444
feinstaub,,1609840800,11.21708333333333,3.403749999999999
feinstaub,,1609844400,9.2468,2.4420000000000006
feinstaub,,1609848000,9.953600000000002,3.1828
feinstaub,,1609851600,9.02,3.4347826086956514
feinstaub,,1609855200,6.5767999999999995,2.7692
feinstaub,,1609858800,6.480833333333333,2.2595833333333335
feinstaub,,1609862400,8.484,3.2099999999999995
feinstaub,,1609866000,6.9804,2.968
feinstaub,,1609869600,9.477391304347828,4.082173913043477
feinstaub,,1609873200,10.860833333333334,4.288749999999999
feinstaub,,1609876800,13.286000000000001,4.0064
feinstaub,,1609880400,15.0075,4.003333333333334
feinstaub,,1609884000,12.196800000000001,3.8596000000000004
feinstaub,,1609887600,10.709999999999999,4.044583333333333
feinstaub,,1609891200,8.787600000000001,3.5068000000000006
feinstaub,,1609894800,4.183599999999999,1.6592000000000005
feinstaub,,1609898400,2.9421739130434785,1.0491304347826087
feinstaub,,1609902000,2.4595000000000002,0.8509999999999998
feinstaub,,1609905600,1.411,0.5824999999999999
feinstaub,,1609909200,1.9066666666666663,0.7338888888888888
feinstaub,,1609912800,25.373076923076926,14.910000000000004
feinstaub,,1609916400,4.2989999999999995,1.721
feinstaub,,1609920000,4.94157894736842,2.1426315789473684
feinstaub,,1609923600,7.493043478260868,3.516956521739129
feinstaub,,1609927200,11.766428571428571,5.602857142857142
feinstaub,,1609930800,15.311666666666666,5.8075
feinstaub,,1609934400,14.1575,5.036666666666666
feinstaub,,1609938000,9.80625,3.305
feinstaub,,1609941600,10.190000000000001,2.399090909090909
feinstaub,,1609945200,12.38904761904762,3.937142857142857
feinstaub,,1609948800,15.95173913043478,4.925652173913043
feinstaub,,1609952400,17.056,5.749999999999999
feinstaub,,1609956000,12.97434782608696,4.467391304347826
feinstaub,,1609959600,17.023478260869563,6.153478260869565
feinstaub,,1609963200,24.987916666666663,10.857916666666666
feinstaub,,1609966800,18.496,7.7608
feinstaub,,1609970400,18.286521739130432,8.465652173913044
feinstaub,,1609974000,18.675599999999996,8.365599999999999
feinstaub,,1609977600,16.2824,7.989199999999999
feinstaub,,1609981200,18.125416666666666,9.748333333333333
feinstaub,,1609984800,23.732000000000003,13.303200000000002
feinstaub,,1609988400,29.090799999999994,15.134800000000002
feinstaub,,1609992000,25.785999999999994,13.4384
feinstaub,,1609995600,23.975833333333338,12.424166666666666
feinstaub,,1609999200,33.05782608695652,17.055652173913046
feinstaub,,1610002800,37.55041666666667,19.138333333333332
feinstaub,,1610006400,37.99375000000001,19.389166666666668
feinstaub,,1610010000,34.025000000000006,16.890454545454546
feinstaub,,1610013600,28.123181818181816,14.546363636363635
feinstaub,,1610017200,21.170526315789477,11.132631578947366
feinstaub,,1610020800,21.753809523809522,10.127142857142855
feinstaub,,1610024400,25.137916666666666,11.54208333333333
feinstaub,,1610028000,22.04090909090909,8.56909090909091
feinstaub,,1610031600,18.972999999999995,8.001999999999999
feinstaub,,1610035200,31.098260869565216,14.32217391304348
feinstaub,,1610038800,52.92708333333332,27.532083333333336
feinstaub,,1610042400,45.3808,21.223999999999997
feinstaub,,1610046000,59.35880000000001,26.865199999999994
feinstaub,,1610049600,64.8975,29.14916666666666
feinstaub,,1610053200,52.56120000000001,24.9468
feinstaub,,1610056800,51.1272,24.459200000000006
feinstaub,,1610060400,57.653600000000004,26.928799999999995
feinstaub,,1610064000,59.90458333333334,27.498749999999998
feinstaub,,1610067600,62.1856,26.9436
feinstaub,,1610071200,64.92999999999998,27.238260869565213
feinstaub,,1610074800,61.486,25.7824
feinstaub,,1610078400,49.61280000000001,21.946400000000004
feinstaub,,1610082000,50.87739130434782,22.374347826086957
feinstaub,,1610085600,52.50409090909091,22.29454545454546
feinstaub,,1610089200,50.21782608695652,21.68217391304348
feinstaub,,1610092800,53.86875,22.34124999999999
feinstaub,,1610096400,40.54590909090909,19.188636363636363
feinstaub,,1610100000,44.32200000000001,22.575599999999998
feinstaub,,1610103600,52.92333333333334,26.002499999999998
feinstaub,,1610107200,64.0468,31.059200000000004
feinstaub,,1610110800,49.57166666666666,24.666666666666668
feinstaub,,1610114400,51.54280000000001,25.987599999999997
feinstaub,,1610118000,52.574999999999996,26.238333333333333
feinstaub,,1610121600,86.92583333333333,31.110000000000003
feinstaub,,1610125200,93.22959999999999,33.32919999999999
feinstaub,,1610128800,87.39416666666666,28.60499999999999
feinstaub,,1610132400,70.6336,26.7044
feinstaub,,1610136000,51.76750000000001,21.167916666666663
feinstaub,,1610139600,56.593599999999995,23.8296
feinstaub,,1610143200,63.67291666666667,28.71291666666667
feinstaub,,1610146800,88.45120000000001,31.32199999999999
feinstaub,,1610150400,129.48120000000003,30.772
feinstaub,,1610154000,111.42041666666664,27.216666666666665
feinstaub,,1610157600,88.58833333333332,22.713750000000008
feinstaub,,1610161200,62.27839999999999,18.5616
feinstaub,,1610164800,51.399999999999984,15.878750000000002
feinstaub,,1610168400,45.18160000000001,15.203999999999999
feinstaub,,1610172000,51.82347826086958,20.43478260869565
feinstaub,,1610175600,35.80652173913043,13.482608695652173
feinstaub,,1610179200,31.02739130434783,11.989999999999998
feinstaub,,1610182800,21.48818181818182,9.33909090909091
feinstaub,,1610186400,21.734399999999997,10.2576
feinstaub,,1610190000,19.637083333333333,10.017083333333332
feinstaub,,1610193600,16.165416666666662,8.854166666666668
feinstaub,,1610197200,15.317199999999998,8.306799999999999
feinstaub,,1610200800,16.653043478260873,8.826521739130433
feinstaub,,1610204400,24.906800000000004,12.5
feinstaub,,1610208000,32.608799999999995,15.915999999999999
feinstaub,,1610211600,47.13291666666668,22.301249999999996
feinstaub,,1610215200,52.4344,24.9972
feinstaub,,1610218800,49.485599999999984,23.803199999999997
feinstaub,,1610222400,73.05541666666666,33.41458333333333
feinstaub,,1610226000,59.07240000000001,27.985599999999998
feinstaub,,1610229600,87.22608695652174,34.21347826086956
feinstaub,,1610233200,92.60520000000001,34.9412
feinstaub,,1610236800,81.9852,29.5148
feinstaub,,1610240400,62.009545454545446,22.260000000000005
feinstaub,,1610244000,53.862083333333324,17.289583333333333
feinstaub,,1610247600,47.90041666666667,15.072916666666666
feinstaub,,1610251200,48.278800000000004,14.2784
feinstaub,,1610254800,44.116666666666674,12.212083333333332
feinstaub,,1610258400,34.45545454545455,12.426363636363634
feinstaub,,1610262000,31.016000000000005,11.973999999999998
feinstaub,,1610265600,28.62347826086956,11.947826086956523
feinstaub,,1610269200,29.101000000000006,12.304499999999999
feinstaub,,1610272800,26.563750000000002,11.43875
feinstaub,,1610276400,31.0052,13.839999999999998
feinstaub,,1610280000,31.13960000000001,14.3616
feinstaub,,1610283600,34.745416666666664,17.35916666666667
feinstaub,,1610287200,47.70439999999999,25.6652
feinstaub,,1610290800,41.97120000000001,20.115600000000004
feinstaub,,1610294400,49.407916666666665,23.195000000000004
feinstaub,,1610298000,66.44400000000002,30.636400000000002
feinstaub,,1610301600,71.2136,32.18879999999999
feinstaub,,1610305200,59.32,26.797916666666666
feinstaub,,1610308800,42.54600000000001,20.9784
feinstaub,,1610312400,38.974000000000004,19.6528
feinstaub,,1610316000,36.15291666666667,18.601666666666674
feinstaub,,1610319600,33.747600000000006,17.749599999999997
feinstaub,,1610323200,37.2252,18.945600000000002
feinstaub,,1610326800,37.70333333333333,19.344583333333333
feinstaub,,1610330400,39.24249999999999,19.601874999999996
feinstaub,,1610334000,46.03652173913044,22.91086956521739
feinstaub,,1610337600,52.55479999999999,25.564800000000005
feinstaub,,1610341200,35.186190476190475,17.44142857142857
feinstaub,,1610344800,15.3272,7.7128
feinstaub,,1610348400,9.17695652173913,4.392608695652174
feinstaub,,1610352000,9.01095238095238,4.134285714285714
feinstaub,,1610355600,6.426249999999999,2.024583333333334
feinstaub,,1610359200,6.0607999999999995,1.4372000000000003
feinstaub,,1610362800,7.5668,1.8692000000000004
feinstaub,,1610366400,9.030869565217392,1.9478260869565218
feinstaub,,1610370000,8.1932,2.7636000000000003
feinstaub,,1610373600,6.874799999999999,3.0460000000000007
feinstaub,,1610377200,3.6862500000000007,1.33375
feinstaub,,1610380800,4.7664,1.3868
feinstaub,,1610384400,7.8476,2.326
feinstaub,,1610388000,9.046250000000002,2.4895833333333335
feinstaub,,1610391600,8.6584,2.4768
feinstaub,,1610395200,6.651999999999998,1.5832000000000002
feinstaub,,1610398800,8.354166666666666,1.591666666666667
feinstaub,,1610402400,7.857999999999999,1.6072000000000002
feinstaub,,1610406000,7.2592,1.5103999999999997
feinstaub,,1610409600,6.820833333333333,1.3387499999999999
feinstaub,,1610413200,5.6972000000000005,1.2087999999999999
feinstaub,,1610416800,2.994545454545455,0.675
feinstaub,,1610420400,1.8844000000000005,0.3803999999999999
feinstaub,,1610424000,1.5152,0.2284
feinstaub,,1610427600,1.5181818181818179,0.3013636363636364
feinstaub,,1610431200,1.9231818181818183,0.3477272727272727
feinstaub,,1610434800,2.6079166666666667,0.6366666666666668
feinstaub,,1610438400,4.979130434782608,1.442608695652174
feinstaub,,1610442000,4.456666666666668,1.3441666666666663
feinstaub,,1610445600,5.323200000000001,2.042
feinstaub,,1610449200,9.598333333333334,5.368749999999999
feinstaub,,1610452800,10.139200000000002,6.0607999999999995
feinstaub,,1610456400,5.531304347826087,2.676521739130435
feinstaub,,1610460000,6.5675,3.3220833333333335
feinstaub,,1610463600,8.365833333333333,3.8225000000000002
feinstaub,,1610467200,10.4496,5.755199999999999
feinstaub,,1610470800,12.390416666666665,6.238333333333333
feinstaub,,1610474400,13.829583333333334,4.8808333333333325
feinstaub,,1610478000,12.608333333333334,4.977083333333334
feinstaub,,1610481600,15.88583333333333,6.367083333333333
feinstaub,,1610485200,14.1928,5.5588
feinstaub,,1610488800,14.559199999999997,5.3828000000000005
feinstaub,,1610492400,15.50333333333333,6.327500000000001
feinstaub,,1610496000,21.8512,10.209199999999997
feinstaub,,1610499600,24.371739130434786,12.088260869565218
feinstaub,,1610503200,27.70684210526316,13.654736842105264
feinstaub,,1610506800,24.942777777777778,13.19
feinstaub,,1610510400,24.920499999999997,12.278499999999998
feinstaub,,1610514000,25.306250000000002,12.321250000000001
feinstaub,,1610517600,28.912500000000005,14.820999999999998
feinstaub,,1610521200,37.866,18.554000000000002
feinstaub,,1610524800,44.10368421052632,21.26684210526316
feinstaub,,1610528400,36.87090909090909,19.32272727272727
feinstaub,,1610532000,42.46727272727273,20.98090909090909
feinstaub,,1610535600,36.0875,18.735500000000002
feinstaub,,1610539200,36.678749999999994,19.32375
feinstaub,,1610542800,35.51760000000001,19.456399999999995
feinstaub,,1610546400,24.518,13.136000000000001
feinstaub,,1610550000,15.12375,7.745833333333334
feinstaub,,1610553600,9.6424,4.7223999999999995
feinstaub,,1610557200,15.307916666666666,8.027916666666668
feinstaub,,1610560800,20.651666666666667,9.787916666666666
feinstaub,,1610564400,18.532000000000004,9.8996
feinstaub,,1610568000,17.029600000000002,9.119200000000001
feinstaub,,1610571600,13.915,7.545416666666667
feinstaub,,1610575200,9.518,5.154400000000001
feinstaub,,1610578800,3.8008000000000006,1.534
feinstaub,,1610582400,4.327500000000001,1.5850000000000002
feinstaub,,1610586000,3.5568,1.7235999999999998
feinstaub,,1610589600,5.214347826086957,2.786521739130435
feinstaub,,1610593200,9.886399999999998,4.9556000000000004
feinstaub,,1610596800,13.163333333333329,8.964583333333335
feinstaub,,1610600400,15.239565217391304,9.37304347826087
feinstaub,,1610604000,19.43565217391305,8.712608695652175
feinstaub,,1610607600,15.377619047619046,8.065238095238096
feinstaub,,1610611200,9.309999999999999,6.0521052631578955
feinstaub,,1610614800,11.083333333333334,6.015833333333333
feinstaub,,1610618400,7.5608695652173905,4.475652173913044
feinstaub,,1610622000,6.015652173913042,3.4186956521739122
feinstaub,,1610625600,6.976,3.6843999999999992
feinstaub,,1610629200,6.553999999999999,3.3771999999999998
feinstaub,,1610632800,15.81083333333333,10.03875
feinstaub,,1610636400,8.7752,4.9568
feinstaub,,1610640000,7.8732,4.0252
feinstaub,,1610643600,7.338333333333334,2.7612500000000004
feinstaub,,1610647200,11.16,4.087999999999998
feinstaub,,1610650800,13.995999999999999,5.224399999999999
feinstaub,,1610654400,18.486800000000002,11.167600000000002
feinstaub,,1610658000,20.45625,12.649166666666668
feinstaub,,1610661600,19.034583333333334,8.287083333333333
feinstaub,,1610665200,19.273200000000003,7.581200000000001
feinstaub,,1610668800,19.71217391304348,7.801739130434782
feinstaub,,1610672400,20.220399999999998,8.0124
feinstaub,,1610676000,20.19235294117647,8.198823529411765
feinstaub,,1610679600,21.035999999999994,8.646
feinstaub,,1610683200,17.627916666666664,6.690416666666667
feinstaub,,1610686800,16.909200000000002,6.468800000000001
feinstaub,,1610690400,17.392727272727274,6.6063636363636355
feinstaub,,1610694000,17.32476190476191,7.718095238095238
feinstaub,,1610697600,19.196666666666673,8.238571428571428
feinstaub,,1610701200,18.13625,7.979583333333335
feinstaub,,1610704800,18.303199999999997,8.384800000000002
feinstaub,,1610708400,21.0156,9.485199999999999
feinstaub,,1610712000,18.832916666666666,8.99875
feinstaub,,1610715600,20.9672,10.261199999999999
feinstaub,,1610719200,22.6004,11.313999999999998
feinstaub,,1610722800,22.51833333333333,11.029166666666667
feinstaub,,1610726400,24.5816,12.27
feinstaub,,1610730000,30.517599999999998,15.4284
feinstaub,,1610733600,53.74800000000001,27.481200000000005
feinstaub,,1610737200,57.959583333333335,29.07541666666667
feinstaub,,1610740800,82.01279999999998,40.142799999999994
feinstaub,,1610744400,84.808,42.834399999999995
feinstaub,,1610748000,66.31695652173914,33.53434782608696
feinstaub,,1610751600,67.046,33.4308
feinstaub,,1610755200,36.350833333333334,18.702916666666663
feinstaub,,1610758800,10.729999999999997,5.574166666666666
feinstaub,,1610762400,8.392,4.471499999999999
feinstaub,,1610766000,8.703043478260868,4.71
feinstaub,,1610769600,8.81,4.711666666666667
feinstaub,,1610773200,13.059565217391304,7.100434782608697
feinstaub,,1610776800,19.11454545454546,10.605454545454542
feinstaub,,1610780400,34.316250000000004,18.10125
feinstaub,,1610784000,35.48894736842105,19.898947368421055
feinstaub,,1610787600,20.202727272727273,11.176363636363638
feinstaub,,1610791200,18.320833333333336,8.9675
feinstaub,,1610794800,12.082608695652175,5.814782608695652
feinstaub,,1610798400,6.478,2.7848
feinstaub,,1610802000,8.076666666666666,3.4938095238095235
feinstaub,,1610805600,9.621200000000002,4.790800000000001
feinstaub,,1610809200,13.030416666666666,7.027083333333333
feinstaub,,1610812800,17.34875,9.429166666666665
feinstaub,,1610816400,17.7852,9.066
feinstaub,,1610820000,13.985200000000003,6.430400000000001
feinstaub,,1610823600,14.93583333333333,5.62625
feinstaub,,1610827200,17.533999999999995,6.0696
feinstaub,,1610830800,16.437599999999996,4.577999999999999
feinstaub,,1610834400,15.244583333333338,3.5745833333333334
feinstaub,,1610838000,16.594583333333333,3.2816666666666667
feinstaub,,1610841600,16.833199999999998,3.1712000000000007
feinstaub,,1610845200,17.108260869565214,3.0186956521739132
feinstaub,,1610848800,19.39727272727273,3.2268181818181816
feinstaub,,1610852400,21.864799999999995,3.3703999999999996
feinstaub,,1610856000,21.76,3.3579999999999997
feinstaub,,1610859600,23.39272727272727,3.9259090909090917
feinstaub,,1610863200,24.409565217391304,3.6052173913043477
feinstaub,,1610866800,16.680000000000003,2.6833333333333336
feinstaub,,1610870400,14.644761904761904,2.539047619047619
feinstaub,,1610874000,13.585714285714284,2.2409523809523813
feinstaub,,1610877600,10.74130434782609,1.9926086956521742
feinstaub,,1610881200,11.299166666666666,2.3499999999999996
feinstaub,,1610884800,12.617391304347825,2.8426086956521743
feinstaub,,1610888400,13.335999999999999,2.5872
feinstaub,,1610892000,16.5996,4.601600000000001
feinstaub,,1610895600,13.411250000000003,2.5804166666666664
feinstaub,,1610899200,16.351600000000005,4.442
feinstaub,,1610902800,13.275599999999999,3.4632
feinstaub,,1610906400,19.177083333333332,6.24125
feinstaub,,1610910000,18.5888,5.002
feinstaub,,1610913600,18.004399999999997,4.6052
feinstaub,,1610917200,20.63166666666667,5.0525
feinstaub,,1610920800,21.104799999999997,5.3392
feinstaub,,1610924400,21.573999999999998,4.882
feinstaub,,1610928000,22.360416666666666,5.370833333333333
feinstaub,,1610931600,24.039999999999996,6.256666666666667
feinstaub,,1610935200,25.99705882352941,6.404705882352941
feinstaub,,1610938800,26.875,6.943636363636363
feinstaub,,1610942400,26.94304347826087,7.321304347826085
feinstaub,,1610946000,27.307391304347824,7.17
feinstaub,,1610949600,24.273478260869563,6.36086956521739
feinstaub,,1610953200,28.407272727272723,9.444999999999999
feinstaub,,1610956800,29.340000000000003,11.110000000000001
feinstaub,,1610960400,24.626250000000002,8.005833333333332
feinstaub,,1610964000,19.153333333333332,6.489166666666665
feinstaub,,1610967600,16.024583333333332,5.152916666666667
feinstaub,,1610971200,13.596000000000002,3.5863999999999994
feinstaub,,1610974800,9.502916666666666,2.2300000000000004
feinstaub,,1610978400,10.18833333333333,2.26625
feinstaub,,1610982000,12.184800000000001,2.406
feinstaub,,1610985600,10.540416666666667,2.0137499999999995
feinstaub,,1610989200,15.290399999999998,2.7712
feinstaub,,1610992800,25.7012,3.7208000000000006
feinstaub,,1610996400,27.132,3.966
feinstaub,,1611000000,28.53782608695652,4.478695652173914
feinstaub,,1611003600,21.869565217391305,4.511304347826086
feinstaub,,1611007200,10.074,2.6479999999999997
feinstaub,,1611010800,8.0725,2.2554166666666666
feinstaub,,1611014400,9.4268,2.2364000000000006
feinstaub,,1611018000,10.468800000000002,1.8019999999999996
feinstaub,,1611021600,6.694375,1.1650000000000003
feinstaub,,1611025200,4.364400000000001,0.7292000000000001
feinstaub,,1611028800,4.2924,0.7324
feinstaub,,1611032400,4.445652173913044,1.0243478260869565
feinstaub,,1611036000,7.653478260869564,2.058260869565218
feinstaub,,1611039600,11.355714285714289,3.5242857142857145
feinstaub,,1611043200,10.53086956521739,3.213043478260869
feinstaub,,1611046800,9.13125,2.5820833333333333
feinstaub,,1611050400,7.612608695652174,1.3747826086956518
feinstaub,,1611054000,8.0168,1.4140000000000001
feinstaub,,1611057600,6.682916666666667,1.1054166666666667
feinstaub,,1611061200,12.437999999999997,2.1388
feinstaub,,1611064800,9.8384,2.0524
feinstaub,,1611068400,8.561304347826088,1.8047826086956524
feinstaub,,1611072000,10.3508,2.37
feinstaub,,1611075600,14.375599999999997,3.4699999999999993
feinstaub,,1611079200,16.814583333333335,4.087916666666667
feinstaub,,1611082800,19.982399999999995,5.050400000000001
feinstaub,,1611086400,21.6268,5.7696000000000005
feinstaub,,1611090000,23.667500000000004,7.799999999999998
feinstaub,,1611093600,17.078333333333326,6.950416666666668
feinstaub,,1611097200,15.6652,6.4716
feinstaub,,1611100800,13.450000000000003,5.328399999999999
feinstaub,,1611104400,16.043333333333333,4.976666666666667
feinstaub,,1611108000,14.879047619047618,3.338095238095238
feinstaub,,1611111600,16.02333333333333,3.3012499999999996
feinstaub,,1611115200,18.293599999999998,4.1908
feinstaub,,1611118800,17.421666666666667,3.792916666666667
feinstaub,,1611122400,18.9065,4.1055
feinstaub,,1611126000,17.754782608695653,4.232173913043479
feinstaub,,1611129600,14.01478260869565,3.4399999999999995
feinstaub,,1611133200,19.987199999999998,7.9216
feinstaub,,1611136800,14.161250000000003,3.3308333333333326
feinstaub,,1611140400,22.1852,5.352400000000001
feinstaub,,1611144000,26.382,6.155999999999999
feinstaub,,1611147600,26.037999999999993,5.9388
feinstaub,,1611151200,22.502083333333335,5.3075
feinstaub,,1611154800,25.842,6.0212
feinstaub,,1611158400,27.861200000000004,7.0668
feinstaub,,1611162000,29.416,7.9292
feinstaub,,1611165600,27.674583333333334,6.463750000000001
feinstaub,,1611169200,20.102800000000006,4.920800000000001
feinstaub,,1611172800,15.818800000000001,4.0068
feinstaub,,1611176400,19.0752,5.143599999999999
feinstaub,,1611180000,19.435,4.504583333333334
feinstaub,,1611183600,12.867199999999995,2.4412
feinstaub,,1611187200,1.5060000000000002,0.332
feinstaub,,1611190800,1.2431999999999999,0.242
feinstaub,,1611194400,2.082,0.5566666666666666
feinstaub,,1611198000,3.0735999999999994,1.0064000000000002
feinstaub,,1611201600,5.498000000000001,1.1664
feinstaub,,1611205200,8.478333333333333,1.2783333333333333
feinstaub,,1611208800,10.5896,1.5484
feinstaub,,1611212400,9.09277777777778,1.3561111111111108
feinstaub,,1611216000,11.702727272727271,2.1536363636363633
feinstaub,,1611219600,15.659583333333336,2.4716666666666667
feinstaub,,1611223200,15.847999999999999,2.7004
feinstaub,,1611226800,12.4432,2.2432
feinstaub,,1611230400,11.29625,1.9245833333333329
feinstaub,,1611234000,14.741999999999997,2.4944
feinstaub,,1611237600,16.483999999999995,2.3743999999999996
feinstaub,,1611241200,13.420400000000003,2.1883999999999992
feinstaub,,1611244800,12.131250000000001,2.272916666666667
feinstaub,,1611248400,9.4232,2.1971999999999996
feinstaub,,1611252000,12.551199999999996,3.4492000000000007
feinstaub,,1611255600,12.3176,3.4252
feinstaub,,1611259200,7.186666666666665,1.7845833333333336
feinstaub,,1611262800,8.3444,1.9399999999999997
feinstaub,,1611266400,11.0168,2.5540000000000003
feinstaub,,1611270000,10.1432,2.3904000000000005
feinstaub,,1611273600,9.347499999999998,2.0470833333333336
feinstaub,,1611277200,8.9584,1.7360000000000002
feinstaub,,1611280800,8.660909090909092,1.7190909090909094
feinstaub,,1611284400,9.136521739130435,1.7708695652173911
feinstaub,,1611288000,9.473199999999999,1.8892000000000004
feinstaub,,1611291600,9.626818181818182,2.226818181818182
feinstaub,,1611295200,21.187391304347823,8.33
feinstaub,,1611298800,15.017619047619045,4.944285714285714
feinstaub,,1611302400,16.958750000000002,6.382916666666667
feinstaub,,1611306000,16.5004,6.253199999999998
feinstaub,,1611309600,13.575833333333334,4.897083333333333
feinstaub,,1611313200,10.866,3.1507999999999994
feinstaub,,1611316800,14.7752,3.65
feinstaub,,1611320400,14.838799999999999,2.9868
feinstaub,,1611324000,13.160833333333334,3.2475
feinstaub,,1611327600,12.919599999999997,2.8464000000000005
feinstaub,,1611331200,11.6728,3.0843999999999996
feinstaub,,1611334800,13.7456,5.430400000000001
feinstaub,,1611338400,9.198749999999999,2.8775
feinstaub,,1611342000,9.6692,3.6243999999999996
feinstaub,,1611345600,8.1932,2.9196
feinstaub,,1611349200,4.9125000000000005,1.4579166666666667
feinstaub,,1611352800,8.1764,3.2636000000000003
feinstaub,,1611356400,6.959200000000001,2.1220000000000003
feinstaub,,1611360000,6.233599999999999,2.1243999999999996
feinstaub,,1611363600,4.283333333333332,1.7445833333333332
feinstaub,,1611367200,2.5188888888888883,1.0783333333333334
feinstaub,,1611370800,3.5148000000000006,1.3371999999999997
feinstaub,,1611374400,3.6124999999999994,1.4491666666666667
feinstaub,,1611378000,4.9055,1.8655000000000002
feinstaub,,1611381600,6.764285714285715,2.8866666666666663
feinstaub,,1611385200,7.978695652173914,4.033043478260869
feinstaub,,1611388800,13.573181818181816,6.514090909090908
feinstaub,,1611392400,13.010400000000002,6.5544
feinstaub,,1611396000,8.47375,3.85125
feinstaub,,1611399600,7.924000000000001,3.4944000000000006
feinstaub,,1611403200,12.6516,5.0196000000000005
feinstaub,,1611406800,11.060416666666667,4.184166666666667
feinstaub,,1611410400,15.086399999999996,5.145600000000001
feinstaub,,1611414000,17.9064,7.209599999999998
feinstaub,,1611417600,11.004583333333334,3.523333333333333
feinstaub,,1611421200,15.530799999999997,6.63
feinstaub,,1611424800,18.168,8.2336
feinstaub,,1611428400,16.824166666666667,7.44875
feinstaub,,1611432000,16.4032,6.6884000000000015
feinstaub,,1611435600,11.235199999999999,4.6491999999999996
feinstaub,,1611439200,19.9496,8.540000000000001
feinstaub,,1611442800,22.717916666666667,10.407916666666667
feinstaub,,1611446400,19.953599999999998,9.13
feinstaub,,1611450000,18.176800000000004,7.398399999999999
feinstaub,,1611453600,17.361666666666665,7.314444444444446
feinstaub,,1611457200,18.9448,8.027200000000002
feinstaub,,1611460800,18.319200000000002,7.677599999999999
feinstaub,,1611464400,21.255416666666665,9.581666666666667
feinstaub,,1611468000,27.9495,12.980000000000004
feinstaub,,1611471600,30.72791666666667,15.057499999999997
feinstaub,,1611475200,31.487916666666674,15.854166666666664
feinstaub,,1611478800,25.913999999999998,12.813200000000002
feinstaub,,1611482400,22.162500000000005,10.01625
feinstaub,,1611486000,32.6744,16.3104
feinstaub,,1611489600,12.488400000000002,3.8624
feinstaub,,1611493200,5.040833333333333,1.4108333333333336
feinstaub,,1611496800,14.277999999999997,3.3620000000000005
feinstaub,,1611500400,5.494799999999999,2.5891999999999995
feinstaub,,1611504000,7.00875,3.6608333333333323
feinstaub,,1611507600,6.661599999999998,3.4767999999999994
feinstaub,,1611511200,7.951600000000001,4.531999999999999
feinstaub,,1611514800,9.13375,5.47
feinstaub,,1611518400,18.2,11.396799999999999
feinstaub,,1611522000,20.3504,12.872800000000002
feinstaub,,1611525600,17.8924,11.340399999999999
feinstaub,,1611529200,10.752916666666666,5.505
feinstaub,,1611532800,17.8736,10.016799999999998
feinstaub,,1611536400,15.876800000000001,8.226
feinstaub,,1611540000,15.326521739130431,7.729565217391304
feinstaub,,1611543600,14.745833333333335,6.617916666666667
feinstaub,,1611547200,19.885199999999998,9.3024
feinstaub,,1611550800,15.517083333333334,7.042083333333333
feinstaub,,1611554400,12.819545454545455,4.988636363636363
feinstaub,,1611558000,14.753199999999998,6.4388
feinstaub,,1611561600,16.23913043478261,7.1673913043478255
feinstaub,,1611565200,16.144166666666667,7.232916666666667
feinstaub,,1611568800,13.558399999999999,6.110399999999999
feinstaub,,1611572400,10.1,4.1572
feinstaub,,1611576000,8.195416666666667,2.9562500000000003
feinstaub,,1611579600,10.211599999999999,2.7752
feinstaub,,1611583200,16.456400000000002,2.762400000000001
feinstaub,,1611586800,12.906666666666666,2.3779166666666662
feinstaub,,1611590400,18.7992,2.7683999999999997
feinstaub,,1611594000,15.3772,4.6476
feinstaub,,1611597600,11.86625,3.9904166666666665
feinstaub,,1611601200,11.17,3.716
feinstaub,,1611604800,13.562083333333334,5.38625
feinstaub,,1611608400,11.337999999999997,4.937999999999999
feinstaub,,1611612000,10.752083333333333,4.5808333333333335
feinstaub,,1611615600,11.870833333333335,4.913333333333332
feinstaub,,1611619200,9.669599999999999,3.9551999999999996
feinstaub,,1611622800,9.620869565217392,4.073913043478261
feinstaub,,1611626400,11.547142857142859,5
feinstaub,,1611630000,13.576500000000001,5.911
feinstaub,,1611633600,13.702352941176468,6.438823529411762
feinstaub,,1611637200,14.955000000000002,6.534000000000001
feinstaub,,1611640800,15.509090909090911,7.302727272727271
feinstaub,,1611644400,19.574000000000005,9.568000000000001
feinstaub,,1611648000,22.44473684210526,10.61157894736842
feinstaub,,1611651600,20.663684210526316,9.393684210526315
feinstaub,,1611655200,29.405454545454543,11.925454545454546
feinstaub,,1611658800,27.5136,13.829599999999997
feinstaub,,1611662400,25.369583333333335,12.325000000000001
feinstaub,,1611666000,39.025999999999996,20.212000000000003
feinstaub,,1611669600,13.157499999999997,3.0208333333333335
feinstaub,,1611673200,11.790416666666665,2.3854166666666665
feinstaub,,1611676800,13.9704,3.0328000000000004
feinstaub,,1611680400,12.390434782608697,3.930869565217391
feinstaub,,1611684000,11.8976,5.593999999999999
feinstaub,,1611687600,7.620416666666664,3.4954166666666673
feinstaub,,1611691200,11.025833333333333,4.835
feinstaub,,1611694800,16.86666666666667,8.32625
feinstaub,,1611698400,15.156400000000001,9.086400000000001
feinstaub,,1611702000,8.756666666666668,4.2025
feinstaub,,1611705600,8.4688,4.290800000000001
feinstaub,,1611709200,14.413333333333334,7.77
feinstaub,,1611712800,20.47615384615385,11.048461538461538
feinstaub,,1611716400,25.504499999999997,12.1405
feinstaub,,1611720000,23.503333333333327,13.714583333333335
feinstaub,,1611723600,29.000499999999995,15.552000000000001
feinstaub,,1611727200,30.55818181818182,14.937272727272727
feinstaub,,1611730800,31.63615384615384,15.615384615384615
feinstaub,,1611734400,31.918666666666663,15.795999999999998
feinstaub,,1611738000,29.606086956521743,14.409130434782607
feinstaub,,1611741600,28.142500000000005,14.680625
feinstaub,,1611745200,28.9944,15.706399999999999
feinstaub,,1611748800,30.2088,15.529600000000002
feinstaub,,1611752400,35.15291666666666,18.13
feinstaub,,1611756000,17.634,10.2124
feinstaub,,1611759600,17.934399999999997,11.973199999999999
feinstaub,,1611763200,22.65291666666667,15.244583333333333
feinstaub,,1611766800,36.532399999999996,23.860800000000005
feinstaub,,1611770400,39.92240000000001,22.7376
feinstaub,,1611774000,78.8025,34.289166666666674
feinstaub,,1611777600,93.3308,33.4124
feinstaub,,1611781200,84.2976,30.963200000000008
feinstaub,,1611784800,49.32208333333333,20.8475
feinstaub,,1611788400,34.988,16.304799999999997
feinstaub,,1611792000,21.0328,10.2748
feinstaub,,1611795600,28.425652173913047,11.734347826086958
feinstaub,,1611799200,17.51695652173913,7.224347826086959
feinstaub,,1611802800,5.8176,3.4667999999999997
feinstaub,,1611806400,1.7170833333333337,0.7591666666666667
feinstaub,,1611810000,1.9847826086956522,0.9091304347826087
feinstaub,,1611813600,4.2325,1.73875
feinstaub,,1611817200,3.1170588235294114,0.8752941176470588
feinstaub,,1611820800,3.3714285714285714,0.781904761904762
feinstaub,,1611824400,4.767999999999999,1.0594999999999999
feinstaub,,1611828000,12.3424,2.1887999999999996
feinstaub,,1611831600,21.718799999999998,4.307199999999999
feinstaub,,1611835200,23.072916666666668,4.335416666666667
feinstaub,,1611838800,25.6976,4.8748000000000005
feinstaub,,1611842400,25.311999999999998,4.952000000000001
feinstaub,,1611846000,20.719583333333333,3.9654166666666666
feinstaub,,1611849600,16.135600000000004,3.4739999999999998
feinstaub,,1611853200,35.644800000000004,7.4524
feinstaub,,1611856800,46.53916666666667,8.866666666666667
feinstaub,,1611860400,48.776,7.6424
feinstaub,,1611864000,13.9812,3.2631999999999994
feinstaub,,1611867600,8.720399999999998,2.2984
feinstaub,,1611871200,5.235416666666668,1.447916666666667
feinstaub,,1611874800,3.4392,0.736
feinstaub,,1611878400,2.2736,0.554
feinstaub,,1611882000,2.7641176470588236,0.5629411764705882
feinstaub,,1611885600,15.221666666666664,2.4425
feinstaub,,1611889200,30.588823529411766,4.546470588235294
feinstaub,,1611892800,35.63533333333333,5.05
feinstaub,,1611896400,31.000000000000007,4.553
feinstaub,,1611900000,27.79,4.4975000000000005
feinstaub,,1611903600,39.8725,5.61
feinstaub,,1611907200,42.66,6.2825
feinstaub,,1611910800,39.67736842105264,5.810526315789474
feinstaub,,1611914400,28.45,4.343333333333335
feinstaub,,1611918000,21.127222222222223,3.377222222222222
feinstaub,,1611921600,6.929285714285714,1.5942857142857143
feinstaub,,1611925200,6.305625,1.3824999999999998
feinstaub,,1611928800,7.698181818181817,1.5663636363636364
feinstaub,,1611932400,8.243333333333332,1.6766666666666665
feinstaub,,1611936000,6.617916666666665,1.6137499999999998
feinstaub,,1611939600,5.167222222222223,1.3861111111111113
feinstaub,,1611943200,9.20086956521739,2.1117391304347826
feinstaub,,1611946800,24.027083333333334,4.625416666666666
feinstaub,,1611950400,29.478799999999996,5.585600000000002
feinstaub,,1611954000,33.596666666666664,9.701250000000003
feinstaub,,1611957600,21.8252,4.0004
feinstaub,,1611961200,20.479200000000002,3.3176
feinstaub,,1611964800,19.949166666666667,3.974166666666667
feinstaub,,1611968400,20.148750000000003,3.34125
feinstaub,,1611972000,22.081764705882353,3.851176470588235
feinstaub,,1611975600,21.01904761904762,3.802857142857143
feinstaub,,1611979200,22.887083333333333,3.8762499999999993
feinstaub,,1611982800,30.593529411764703,5.476470588235294
feinstaub,,1611986400,29.81772727272727,6.3909090909090915
feinstaub,,1611990000,22.51,3.866
feinstaub,,1611993600,16.834615384615383,2.9269230769230767
feinstaub,,1611997200,4.3311111111111105,1.561111111111111
feinstaub,,1612000800,3.9663157894736836,1.5352631578947369
feinstaub,,1612004400,7.904347826086955,3.520434782608695
feinstaub,,1612008000,17.42083333333333,7.654166666666668
feinstaub,,1612011600,6.8588,3.7284
feinstaub,,1612015200,9.8204,5.3448
feinstaub,,1612018800,17.444,10.329199999999998
feinstaub,,1612022400,31.05666666666667,17.632499999999997
feinstaub,,1612026000,31.97125000000001,17.997083333333332
feinstaub,,1612029600,23.4764,13.882
feinstaub,,1612033200,19.584166666666665,11.311666666666667
feinstaub,,1612036800,27.4028,14.671999999999999
feinstaub,,1612040400,30.488799999999998,15.565200000000003
feinstaub,,1612044000,29.713333333333324,15.352083333333335
feinstaub,,1612047600,29.019999999999996,14.519583333333332
feinstaub,,1612051200,23.566799999999997,11.785199999999998
feinstaub,,1612054800,25.195217391304347,10.908695652173913
feinstaub,,1612058400,25.199499999999997,10.207500000000001
feinstaub,,1612062000,17.183636363636364,6.323181818181819
feinstaub,,1612065600,12.360476190476193,3.7685714285714287
feinstaub,,1612069200,10.89095238095238,3.024285714285714
feinstaub,,1612072800,13.543529411764705,3.496470588235294
feinstaub,,1612076400,13.25764705882353,3.8976470588235297
feinstaub,,1612080000,13.56,4.201875
feinstaub,,1612083600,15.939999999999998,6.538333333333333
feinstaub,,1612087200,22.577619047619045,11.672857142857143
feinstaub,,1612090800,13.306249999999999,6.687916666666666
feinstaub,,1612094400,19.759200000000003,10.2596
feinstaub,,1612098000,37.7448,22.694000000000006
feinstaub,,1612101600,54.546250000000015,31.84458333333333
feinstaub,,1612105200,63.976000000000006,35.0684
feinstaub,,1612108800,126.43,53.123999999999995
feinstaub,,1612112400,143.88880000000003,64.6012
feinstaub,,1612116000,71.55208333333331,37.465833333333336
feinstaub,,1612119600,55.01960000000001,29.747200000000003
feinstaub,,1612123200,54.922399999999996,30.053200000000007
feinstaub,,1612126800,50.87166666666667,28.134583333333335
feinstaub,,1612130400,50.58840000000001,27.9664
feinstaub,,1612134000,42.1404,23.644399999999997
feinstaub,,1612137600,24.673333333333332,15.39583333333333
feinstaub,,1612141200,25.057083333333335,15.43
feinstaub,,1612144800,28.11615384615385,17.666923076923077
feinstaub,,1612148400,20.194499999999998,12.782
feinstaub,,1612152000,30.303181818181823,16.950909090909082
feinstaub,,1612155600,53.71250000000001,28.732000000000006
feinstaub,,1612159200,48.36285714285714,27.52785714285714
feinstaub,,1612162800,52.41,28.415294117647058
feinstaub,,1612166400,57.802499999999995,29.124000000000002
feinstaub,,1612170000,58.008095238095244,28.99952380952381
feinstaub,,1612173600,48.157,24.424
feinstaub,,1612177200,36.09560000000001,17.545199999999998
feinstaub,,1612180800,28.74666666666667,15.694583333333336
feinstaub,,1612184400,23.2084,13.042400000000002
feinstaub,,1612188000,33.782000000000004,19.1904
feinstaub,,1612191600,30.239166666666673,17.38291666666667
feinstaub,,1612195200,35.4896,20.5476
feinstaub,,1612198800,36.15624999999999,20.675416666666667
feinstaub,,1612202400,42.70041666666666,23.95375
feinstaub,,1612206000,38.69400000000001,22.775600000000004
feinstaub,,1612209600,43.29208333333333,25.609166666666663
feinstaub,,1612213200,40.008799999999994,23.25
feinstaub,,1612216800,36.7692,22.1856
feinstaub,,1612220400,46.91173913043478,27.461739130434786
feinstaub,,1612224000,76.66919999999999,38.2404
feinstaub,,1612227600,55.92227272727275,30.423181818181817
feinstaub,,1612231200,27.709999999999997,16.496666666666663
feinstaub,,1612234800,18.922727272727272,11.190454545454545
feinstaub,,1612238400,8.683333333333334,5.265714285714286
feinstaub,,1612242000,10.81235294117647,2.5670588235294116
feinstaub,,1612245600,38.64947368421052,6.016315789473684
feinstaub,,1612249200,51.135999999999996,6.680666666666667
feinstaub,,1612252800,43.8452380952381,6.812857142857144
feinstaub,,1612256400,40.11454545454546,6.40590909090909
feinstaub,,1612260000,28.665200000000006,5.0492
feinstaub,,1612263600,50.95400000000001,8.8316
feinstaub,,1612267200,64.38608695652172,9.964347826086955
feinstaub,,1612270800,47.86079999999999,7.709999999999997
feinstaub,,1612274400,60.324799999999996,9.5264
feinstaub,,1612278000,63.78958333333335,10.093333333333332
feinstaub,,1612281600,68.99833333333335,10.2125
feinstaub,,1612285200,69.18208333333335,10.17
feinstaub,,1612288800,55.1325,8.36875
feinstaub,,1612292400,50.963599999999985,7.4803999999999995
feinstaub,,1612296000,59.41166666666667,8.424999999999999
feinstaub,,1612299600,62.506400000000006,8.8304
feinstaub,,1612303200,41.55,6.3508000000000004
feinstaub,,1612306800,40.56,6.256666666666667
feinstaub,,1612310400,41.65625000000001,6.264583333333332
feinstaub,,1612314000,41.806000000000004,5.683999999999999
feinstaub,,1612317600,41.78272727272727,5.5190909090909095
feinstaub,,1612321200,42.338750000000005,5.705000000000001
feinstaub,,1612324800,44.86454545454545,5.973636363636363
feinstaub,,1612328400,49.995,6.5125
feinstaub,,1612332000,51.125,7.5600000000000005
feinstaub,,1612335600,55.922000000000004,8.056000000000001
feinstaub,,1612339200,44.85,8.726666666666667
feinstaub,,1612342800,46.93833333333333,8.621666666666668
feinstaub,,1612346400,34.31285714285714,8.645714285714286
feinstaub,,1612350000,24.889999999999997,6.482000000000001
feinstaub,,1612353600,10.703333333333333,2.265
feinstaub,,1612357200,8.99,2.05
feinstaub,,1612360800,15.185000000000002,3.9416666666666664
feinstaub,,1612364400,25.816363636363644,7.269090909090909
feinstaub,,1612368000,19.557,4.584
feinstaub,,1612371600,13.665000000000001,3.2024999999999997
feinstaub,,1612375200,17.07777777777778,3.6144444444444446
feinstaub,,1612378800,16.717,2.630499999999999
feinstaub,,1612382400,17.229999999999997,3.3368421052631576
feinstaub,,1612386000,16.631176470588233,3.3294117647058825
feinstaub,,1612389600,17.41117647058823,3.865294117647059
feinstaub,,1612393200,18.17470588235294,4.121176470588234
feinstaub,,1612396800,20.590799999999998,5.630400000000001
feinstaub,,1612400400,19.697083333333335,6.2608333333333315
feinstaub,,1612404000,19.9152,7.7124
feinstaub,,1612407600,19.598,6.9736
feinstaub,,1612411200,25.031200000000002,8.480400000000001
feinstaub,,1612414800,31.454347826086952,9.14
feinstaub,,1612418400,63.64608695652173,15.897391304347826
feinstaub,,1612422000,65.99440000000001,15.150000000000002
feinstaub,,1612425600,56.220000000000006,12.748
feinstaub,,1612429200,32.40095238095238,10.52238095238095
feinstaub,,1612432800,31.304285714285715,12.599523809523811
feinstaub,,1612436400,33.559999999999995,8.936499999999999
feinstaub,,1612440000,23.857500000000005,7.532000000000002
feinstaub,,1612443600,16.5608,6.979199999999999
feinstaub,,1612447200,18.9928,8.454399999999998
feinstaub,,1612450800,22.247916666666665,8.024999999999999
feinstaub,,1612454400,27.148799999999998,9.810000000000002
feinstaub,,1612458000,27.682083333333335,10.83625
feinstaub,,1612461600,23.829047619047625,9.492380952380952
feinstaub,,1612465200,32.14304347826087,15.077826086956525
feinstaub,,1612468800,30.967272727272732,14.110454545454543
feinstaub,,1612472400,30.83227272727272,13.929545454545456
feinstaub,,1612476000,7.623809523809523,2.032857142857143
feinstaub,,1612479600,9.545833333333333,2.8816666666666673
feinstaub,,1612483200,38.63166666666667,19.347500000000004
feinstaub,,1612486800,13.446000000000002,3.4000000000000012
feinstaub,,1612490400,27.1208,9.364
feinstaub,,1612494000,18.267916666666665,5.9795833333333315
feinstaub,,1612497600,15.495,4.850416666666667
feinstaub,,1612501200,14.299166666666666,3.5304166666666674
feinstaub,,1612504800,17.81952380952381,6.1395238095238085
feinstaub,,1612508400,24.00260869565217,10.977826086956522
feinstaub,,1612512000,19.747619047619043,11.264285714285714
feinstaub,,1612515600,12.452399999999997,6.8012000000000015
feinstaub,,1612519200,6.579199999999999,2.8888
feinstaub,,1612522800,6.677083333333332,2.8416666666666672
feinstaub,,1612526400,5.821200000000001,1.8163999999999998
feinstaub,,1612530000,6.1404,1.6376
feinstaub,,1612533600,8.801200000000001,2.1675999999999997
feinstaub,,1612537200,7.744166666666666,1.4770833333333335
feinstaub,,1612540800,8.918,2.1824
feinstaub,,1612544400,15.533199999999997,5.473199999999999
feinstaub,,1612548000,25.67125,10.678333333333335
feinstaub,,1612551600,40.2028,20.5148
feinstaub,,1612555200,36.38879999999999,19.6452
feinstaub,,1612558800,41.91,22.394000000000005
feinstaub,,1612562400,45.281666666666666,22.827916666666667
feinstaub,,1612566000,21.778,11.564799999999998
feinstaub,,1612569600,19.469200000000004,10.04
feinstaub,,1612573200,45.24375,20.82166666666667
feinstaub,,1612576800,44.62222222222222,19.457777777777782
feinstaub,,1612580400,84.11583333333331,20.373750000000005
feinstaub,,1612584000,103.2508,18.359199999999998
feinstaub,,1612587600,100.1152380952381,19.12952380952381
feinstaub,,1612591200,286.9004545454546,20.357727272727274
feinstaub,,1612594800,128.3254545454546,13.703636363636361
feinstaub,,1612598400,53.174000000000014,10.499199999999998
feinstaub,,1612602000,18.208399999999997,8.595999999999998
feinstaub,,1612605600,18.319999999999997,10.02875
feinstaub,,1612609200,34.249199999999995,16.820800000000002
feinstaub,,1612612800,25.355600000000003,13.8048
feinstaub,,1612616400,30.454166666666662,16.703333333333337
feinstaub,,1612620000,24.582400000000003,13.6592
feinstaub,,1612623600,44.5164,26.055199999999996
feinstaub,,1612627200,71.33875,39.49791666666667
feinstaub,,1612630800,57.36880000000001,32.817600000000006
feinstaub,,1612634400,52.7224,26.561999999999998
feinstaub,,1612638000,39.99600000000001,22.286400000000004
feinstaub,,1612641600,26.262083333333337,14.77125
feinstaub,,1612645200,37.345200000000006,19.7904
feinstaub,,1612648800,56.13,30.13
feinstaub,,1612652400,46.57083333333333,24.98166666666667
feinstaub,,1612656000,31.1424,16.278399999999998
feinstaub,,1612659600,16.299999999999997,8.288799999999998
feinstaub,,1612663200,12.46952380952381,6.421428571428571
feinstaub,,1612666800,6.9724,3.2260000000000004
feinstaub,,1612670400,7.7174999999999985,3.7708333333333335
feinstaub,,1612674000,9.116956521739132,3.530869565217391
feinstaub,,1612677600,11.968571428571428,3.9461904761904756
feinstaub,,1612681200,7.3252173913043475,2.433913043478261
feinstaub,,1612684800,8.977727272727272,2.4849999999999994
feinstaub,,1612688400,12.610399999999997,3.0283999999999995
feinstaub,,1612692000,9.849583333333333,2.5245833333333336
feinstaub,,1612695600,6.7788,2.3736
feinstaub,,1612699200,6.4512,2.3672000000000004
feinstaub,,1612702800,7.275599999999998,2.3608000000000002
feinstaub,,1612706400,7.013333333333333,2.1716666666666664
feinstaub,,1612710000,11.431199999999999,4.2476
feinstaub,,1612713600,33.688,13.6516
feinstaub,,1612717200,19.153750000000002,6.451249999999999
feinstaub,,1612720800,36.88680000000001,15.344000000000001
feinstaub,,1612724400,8.8208,3.133600000000001
feinstaub,,1612728000,8.1996,2.8752
feinstaub,,1612731600,7.117500000000001,2.5479166666666666
feinstaub,,1612735200,9.052,3.0032000000000005
feinstaub,,1612738800,8.930000000000001,3.2976
feinstaub,,1612742400,9.201666666666668,3.3341666666666665
feinstaub,,1612746000,9.978000000000002,3.6348000000000003
feinstaub,,1612749600,11.518,4.0095
feinstaub,,1612753200,13.348749999999997,4.5670833333333345
feinstaub,,1612756800,14.033999999999997,4.7452
feinstaub,,1612760400,15.455000000000002,4.7509999999999994
feinstaub,,1612764000,14.85,4.9895
feinstaub,,1612767600,14.205454545454547,5.15590909090909
feinstaub,,1612771200,15.780952380952382,5.6847619047619045
feinstaub,,1612774800,17.4348,6.599600000000001
feinstaub,,1612778400,19.7396,7.551999999999998
feinstaub,,1612782000,19.897499999999997,7.257083333333333
feinstaub,,1612785600,20.1028,7.528400000000001
feinstaub,,1612789200,20.584400000000002,7.572800000000001
feinstaub,,1612792800,15.589166666666666,5.446666666666666
feinstaub,,1612796400,15.612,5.334
feinstaub,,1612800000,17.3612,7.147199999999999
feinstaub,,1612803600,15.853749999999998,6.782499999999999
feinstaub,,1612807200,14.409600000000003,5.752799999999999
feinstaub,,1612810800,13.464799999999995,5.018400000000001
feinstaub,,1612814400,13.076799999999999,5.634399999999999
feinstaub,,1612818000,15.46,7.135000000000002
feinstaub,,1612821600,21.581599999999998,10.495600000000001
feinstaub,,1612825200,20.017999999999997,10.299200000000003
feinstaub,,1612828800,16.689583333333335,8.725416666666666
feinstaub,,1612832400,16.877200000000006,7.830399999999998
feinstaub,,1612836000,18.45421052631579,8.17315789473684
feinstaub,,1612839600,21.033749999999998,9.502916666666668
feinstaub,,1612843200,17.8988,7.893199999999999
feinstaub,,1612846800,16.535217391304347,5.554347826086957
feinstaub,,1612850400,20.914374999999996,6.2768749999999995
feinstaub,,1612854000,13.550476190476187,3.8014285714285707
feinstaub,,1612857600,13.263200000000001,3.728
feinstaub,,1612861200,11.076799999999997,2.9671999999999996
feinstaub,,1612864800,9.89125,2.644583333333333
feinstaub,,1612868400,8.394,2.2232000000000003
feinstaub,,1612872000,8.057199999999998,2.1012000000000004
feinstaub,,1612875600,9.961666666666666,2.6941666666666664
feinstaub,,1612879200,8.774799999999997,2.6196
feinstaub,,1612882800,7.952400000000001,2.3096000000000005
feinstaub,,1612886400,8.673199999999998,2.5007999999999995
feinstaub,,1612890000,7.605833333333332,2.394166666666667
feinstaub,,1612893600,8.007599999999998,2.4656000000000007
feinstaub,,1612897200,7.771599999999999,2.4716000000000005
feinstaub,,1612900800,8.497916666666667,3.1054166666666667
feinstaub,,1612904400,8.8016,3.0915999999999997
feinstaub,,1612908000,9.213600000000001,3.6764000000000006
feinstaub,,1612911600,9.786666666666667,3.6941666666666664
feinstaub,,1612915200,8.9012,3.0576
feinstaub,,1612918800,7.984,2.4312000000000005
feinstaub,,1612922400,7.073043478260868,2.169565217391304
feinstaub,,1612926000,7.269166666666667,2.35375
feinstaub,,1612929600,7.905999999999999,2.2424
feinstaub,,1612933200,8.724583333333333,2.1575
feinstaub,,1612936800,10.2532,2.0635999999999997
feinstaub,,1612940400,8.170833333333333,2.2925
feinstaub,,1612944000,10.3576,3.1319999999999992
feinstaub,,1612947600,8.2804,2.1256
feinstaub,,1612951200,11.106666666666667,3.0504166666666666
feinstaub,,1612954800,11.845999999999998,2.95
feinstaub,,1612958400,12.452,5.222399999999999
feinstaub,,1612962000,10.377916666666664,4.0375
feinstaub,,1612965600,7.781999999999999,2.704
feinstaub,,1612969200,8.889199999999999,1.9839999999999998
feinstaub,,1612972800,16.159599999999998,3.1696000000000004
feinstaub,,1612976400,23.943749999999998,5.627916666666667
feinstaub,,1612980000,31.7716,7.600000000000001
feinstaub,,1612983600,26.396,8.017600000000002
feinstaub,,1612987200,18.371666666666666,5.699166666666666
feinstaub,,1612990800,14.334800000000003,5.203199999999999
feinstaub,,1612994400,15.201200000000002,6.304800000000003
feinstaub,,1612998000,16.154583333333335,7.607499999999999
feinstaub,,1613001600,20.26,9.5144
feinstaub,,1613005200,21.88319999999999,11.306399999999998
feinstaub,,1613008800,29.996086956521733,15.687826086956516
feinstaub,,1613012400,38.3316,20.5412
feinstaub,,1613016000,45.09652173913044,24.006521739130427
feinstaub,,1613019600,34.23529411764706,18.391176470588242
feinstaub,,1613023200,34.331818181818186,18.127727272727274
feinstaub,,1613026800,41.98409090909092,21.577272727272728
feinstaub,,1613030400,40.56958333333334,20.48625
feinstaub,,1613034000,27.57083333333333,14.328750000000001
feinstaub,,1613037600,26.700833333333335,14.223749999999997
feinstaub,,1613041200,23.316086956521744,12.82521739130435
feinstaub,,1613044800,19.815416666666664,10.762500000000001
feinstaub,,1613048400,19.361666666666665,9.582777777777778
feinstaub,,1613052000,22.853333333333335,11.043333333333335
feinstaub,,1613055600,29.903888888888886,14.318888888888889
feinstaub,,1613059200,25.463478260869564,12.047391304347828
feinstaub,,1613062800,30.462916666666672,15.245833333333332
feinstaub,,1613066400,25.705416666666665,12.374583333333332
feinstaub,,1613070000,20.673999999999996,9.9356
feinstaub,,1613073600,19.697083333333335,9.34125
feinstaub,,1613077200,24.5652,12.559199999999999
feinstaub,,1613080800,28.64181818181818,14.166363636363638
feinstaub,,1613084400,27.33479999999999,14.078
feinstaub,,1613088000,29.935000000000002,15.903181818181821
feinstaub,,1613091600,32.7276,17.6432
feinstaub,,1613095200,32.110869565217385,16.93173913043478
feinstaub,,1613098800,25.999999999999996,14.0176
feinstaub,,1613102400,21.75380952380952,11.455238095238096
feinstaub,,1613106000,19.33,8.753333333333334
feinstaub,,1613109600,17.486842105263158,7.566842105263157
feinstaub,,1613113200,16.68647058823529,7.929411764705884
feinstaub,,1613116800,19.714500000000005,8.700500000000002
feinstaub,,1613120400,12.350434782608696,4.454782608695653
feinstaub,,1613124000,26.475217391304355,11.493043478260871
feinstaub,,1613127600,11.031739130434781,3.1765217391304357
feinstaub,,1613131200,11.2288,2.8448
feinstaub,,1613134800,14.336250000000001,4.229166666666665
feinstaub,,1613138400,11.880952380952381,3.6552380952380954
feinstaub,,1613142000,10.722499999999998,3.1637500000000003
feinstaub,,1613145600,11.420000000000002,3.675652173913044
feinstaub,,1613149200,12.409199999999998,3.8240000000000003
feinstaub,,1613152800,12.116249999999999,3.482083333333333
feinstaub,,1613156400,13.129599999999998,4.420800000000001
feinstaub,,1613160000,15.663333333333332,7.306666666666666
feinstaub,,1613163600,20.337916666666665,10.281666666666668
feinstaub,,1613167200,24.138750000000005,11.654583333333333
feinstaub,,1613170800,25.202800000000003,12.3376
feinstaub,,1613174400,25.706249999999997,12.379166666666668
feinstaub,,1613178000,24.055999999999997,11.7964
feinstaub,,1613181600,21.478,10.4364
feinstaub,,1613185200,19.855000000000004,8.971666666666666
feinstaub,,1613188800,18.492399999999996,8.6932
feinstaub,,1613192400,14.41625,6.456666666666668
feinstaub,,1613196000,12.562916666666666,5.380833333333334
feinstaub,,1613199600,12.969565217391303,4.988260869565217
feinstaub,,1613203200,12.644782608695653,4.565652173913044
feinstaub,,1613206800,15.923333333333332,6.30375
feinstaub,,1613210400,15.42333333333333,5.016111111111112
feinstaub,,1613214000,13.112,4.4446666666666665
feinstaub,,1613217600,12.270869565217392,4.249130434782609
feinstaub,,1613221200,10.850434782608694,3.7339130434782617
feinstaub,,1613224800,11.301739130434783,4.411739130434783
feinstaub,,1613228400,17.096956521739127,6.0291304347826085
feinstaub,,1613232000,23.621739130434786,8.062173913043479
feinstaub,,1613235600,14.3975,4.357916666666668
feinstaub,,1613239200,12.786,4.283199999999999
feinstaub,,1613242800,10.897083333333335,3.710833333333333
feinstaub,,1613246400,11.260800000000001,3.5791999999999997
feinstaub,,1613250000,9.98625,3.6745833333333326
feinstaub,,1613253600,10.000399999999999,3.4103999999999997
feinstaub,,1613257200,10.544400000000001,3.2239999999999998
feinstaub,,1613260800,9.302222222222223,3.266666666666667
feinstaub,,1613264400,10.212799999999998,3.4772000000000003
feinstaub,,1613268000,10.8276,3.7156000000000002
feinstaub,,1613271600,13.578799999999996,4.0356
feinstaub,,1613275200,9.976250000000002,3.684166666666666
feinstaub,,1613278800,11.2076,3.7184
feinstaub,,1613282400,13.81875,4.454583333333333
feinstaub,,1613286000,12.9375,3.9794999999999994
feinstaub,,1613289600,12.706363636363637,3.769545454545454
feinstaub,,1613293200,15.292272727272728,4.342272727272728
feinstaub,,1613296800,18.026399999999995,4.8632
feinstaub,,1613300400,17.3325,5.121666666666667
feinstaub,,1613304000,22.8232,8.2876
feinstaub,,1613307600,20.526799999999998,6.974
feinstaub,,1613311200,19.284583333333334,7.295000000000001
feinstaub,,1613314800,19.540833333333335,7.242500000000001
feinstaub,,1613318400,19.5556,7.171599999999997
feinstaub,,1613322000,19.453750000000003,7.144583333333334
feinstaub,,1613325600,24.824800000000003,9.5088
feinstaub,,1613329200,25.920000000000005,11.193999999999999
feinstaub,,1613332800,28.70583333333333,12.810416666666663
feinstaub,,1613336400,29.156399999999994,12.876399999999999
feinstaub,,1613340000,30.537083333333328,13.82
feinstaub,,1613343600,35.313333333333325,15.068333333333333
feinstaub,,1613347200,34.1072,14.399599999999998
feinstaub,,1613350800,36.727199999999996,14.927199999999997
feinstaub,,1613354400,34.22839999999999,15.6788
feinstaub,,1613358000,37.2375,18.897499999999997
feinstaub,,1613361600,38.90279999999999,19.8344
feinstaub,,1613365200,22.626000000000005,11.8204
feinstaub,,1613368800,16.59913043478261,8.48391304347826
feinstaub,,1613372400,22.90666666666667,9.14611111111111
feinstaub,,1613376000,14.175714285714283,5.043333333333333
feinstaub,,1613379600,24.94782608695652,6.6460869565217395
feinstaub,,1613383200,32.92541666666666,6.877916666666665
feinstaub,,1613386800,33.64920000000001,6.729999999999999
feinstaub,,1613390400,38.203199999999995,9.191199999999998
feinstaub,,1613394000,31.106000000000005,6.095599999999998
feinstaub,,1613397600,26.232083333333332,4.794166666666666
feinstaub,,1613401200,23.496,3.9596000000000005
feinstaub,,1613404800,15.9972,3.0480000000000005
feinstaub,,1613408400,22.025833333333328,5.195
feinstaub,,1613412000,27.290399999999998,7.3124
feinstaub,,1613415600,34.49166666666667,14.801249999999998
feinstaub,,1613419200,38.475199999999994,19.5436
feinstaub,,1613422800,29.072916666666668,14.095833333333337
feinstaub,,1613426400,9.474,3.514
feinstaub,,1613430000,22.17458333333333,6.382083333333335
feinstaub,,1613433600,25.180416666666662,5.842083333333332
feinstaub,,1613437200,20.706000000000003,4.6772
feinstaub,,1613440800,20.794583333333332,4.430416666666667
feinstaub,,1613444400,23.176666666666666,5.184999999999999
feinstaub,,1613448000,18.5344,4.638399999999999
feinstaub,,1613451600,17.33416666666667,3.870416666666666
feinstaub,,1613455200,18.022608695652174,3.7917391304347823
feinstaub,,1613458800,20.95478260869566,4.269565217391303
feinstaub,,1613462400,22.555,4.394545454545454
feinstaub,,1613466000,25.0204,4.691600000000001
feinstaub,,1613469600,28.02782608695652,5.237826086956521
feinstaub,,1613473200,20.2624,4.306800000000001
feinstaub,,1613476800,24.0528,5.5372
feinstaub,,1613480400,17.820833333333336,4.129583333333334
feinstaub,,1613484000,12.640000000000002,3.6437499999999994
feinstaub,,1613487600,8.982399999999998,2.244800000000001
feinstaub,,1613491200,13.503333333333336,2.282083333333333
feinstaub,,1613494800,29.820399999999996,4.4468000000000005
feinstaub,,1613498400,26.035999999999998,3.8396000000000003
feinstaub,,1613502000,25.278799999999997,3.4803999999999995
feinstaub,,1613505600,27.935833333333335,3.8595833333333327
feinstaub,,1613509200,39.3548,5.1116
feinstaub,,1613512800,46.219199999999994,6.219999999999999
feinstaub,,1613516400,42.95166666666666,5.683750000000001
feinstaub,,1613520000,43.3732,5.637199999999999
feinstaub,,1613523600,51.47920000000002,6.3012
feinstaub,,1613527200,47.96666666666667,6.185833333333334
feinstaub,,1613530800,44.9652,5.7436
feinstaub,,1613534400,38.421200000000006,5.040000000000001
feinstaub,,1613538000,36.916666666666664,4.984583333333332
feinstaub,,1613541600,39.62761904761904,5.386666666666667
feinstaub,,1613545200,40.62190476190476,5.670476190476189
feinstaub,,1613548800,39.330909090909095,5.621818181818181
feinstaub,,1613552400,38.0365,5.9495000000000005
feinstaub,,1613556000,32.169599999999996,4.521999999999999
feinstaub,,1613559600,37.46541666666667,5.797083333333333
feinstaub,,1613563200,26.04,3.9388000000000005
feinstaub,,1613566800,38.897600000000004,5.395199999999999
feinstaub,,1613570400,38.896249999999995,5.81625
feinstaub,,1613574000,40.360400000000006,5.83
feinstaub,,1613577600,34.230000000000004,5.385200000000001
feinstaub,,1613581200,30.738750000000007,4.920833333333333
feinstaub,,1613584800,30.422399999999993,4.499200000000001
feinstaub,,1613588400,27.155200000000004,4.151199999999999
feinstaub,,1613592000,22.06,3.5374999999999996
feinstaub,,1613595600,19.979200000000002,3.4092000000000002
feinstaub,,1613599200,15.5492,2.5436000000000005
feinstaub,,1613602800,15.10666666666667,2.4479166666666674
feinstaub,,1613606400,15.2052,2.5124
feinstaub,,1613610000,13.3004,2.4339999999999997
feinstaub,,1613613600,15.765,2.887916666666666
feinstaub,,1613617200,14.0844,2.5688000000000004
feinstaub,,1613620800,14.501600000000002,2.5004000000000004
feinstaub,,1613624400,17.19,2.9491666666666667
feinstaub,,1613628000,15.974999999999998,2.9511111111111115
feinstaub,,1613631600,13.492499999999998,2.8775
feinstaub,,1613635200,14.481578947368423,3.438421052631579
feinstaub,,1613638800,12.34047619047619,3.3595238095238096
feinstaub,,1613642400,13.193999999999999,3.2084
feinstaub,,1613646000,10.367600000000003,2.2936000000000005
feinstaub,,1613649600,5.852083333333333,1.2266666666666668
feinstaub,,1613653200,7.6348,1.3936
feinstaub,,1613656800,10.673599999999999,2.0136000000000003
feinstaub,,1613660400,12.569166666666668,2.7816666666666667
feinstaub,,1613664000,12.753599999999999,2.1244
feinstaub,,1613667600,7.914799999999999,1.4647999999999999
feinstaub,,1613671200,9.592500000000001,2.1775
feinstaub,,1613674800,17.2984,2.8827999999999996
feinstaub,,1613678400,23.9852,3.808800000000001
feinstaub,,1613682000,26.66333333333333,3.8508333333333336
feinstaub,,1613685600,23.3472,3.3396000000000003
feinstaub,,1613689200,25.573333333333334,3.262916666666667
feinstaub,,1613692800,29.930000000000003,3.8487499999999994
feinstaub,,1613696400,28.48,3.7236000000000002
feinstaub,,1613700000,28.301052631578948,3.6257894736842107
feinstaub,,1613703600,22.787916666666664,3.0237499999999997
feinstaub,,1613707200,21.842799999999997,2.86
feinstaub,,1613710800,22.49863636363636,2.977272727272727
feinstaub,,1613714400,22.96,3.094117647058823
feinstaub,,1613718000,21.080588235294123,3.0058823529411764
feinstaub,,1613721600,19.614,2.8209999999999997
feinstaub,,1613725200,16.385416666666668,2.3575000000000004
feinstaub,,1613728800,15.064090909090908,2.6740909090909093
feinstaub,,1613732400,14.260416666666666,2.3633333333333337
feinstaub,,1613736000,13.693333333333332,2.3642857142857148
feinstaub,,1613739600,12.720000000000002,2.415
feinstaub,,1613743200,11.794347826086959,2.251739130434783
feinstaub,,1613746800,13.018,2.3925000000000005
feinstaub,,1613750400,12.968260869565217,3.460869565217391
feinstaub,,1613754000,16.250000000000004,4.917083333333333
feinstaub,,1613757600,19.203599999999998,6.2672
feinstaub,,1613761200,21.037200000000006,8.564
feinstaub,,1613764800,23.221666666666668,9.696666666666664
feinstaub,,1613768400,25.4152,9.363599999999998
feinstaub,,1613772000,24.102400000000003,7.2796
feinstaub,,1613775600,24.130416666666665,6.20375
feinstaub,,1613779200,30.7896,5.857599999999999
feinstaub,,1613782800,39.31439999999999,6.304000000000001
feinstaub,,1613786400,38.04526315789474,6.252631578947368
feinstaub,,1613790000,34.446666666666665,6.023333333333333
feinstaub,,1613793600,30.931600000000003,5.789999999999999
feinstaub,,1613797200,28.379166666666663,5.371666666666666
feinstaub,,1613800800,26.76333333333334,5.158095238095238
feinstaub,,1613804400,24.615499999999997,5.019
feinstaub,,1613808000,22.953809523809518,4.6485714285714295
feinstaub,,1613811600,22.63409090909091,4.675000000000001
feinstaub,,1613815200,22.5368,4.4344
feinstaub,,1613818800,19.63458333333333,4.075833333333333
feinstaub,,1613822400,19.661200000000004,4.0176
feinstaub,,1613826000,19.338799999999996,4.348000000000001
feinstaub,,1613829600,18.74958333333333,4.224166666666666
feinstaub,,1613833200,17.530800000000003,3.8024000000000004
feinstaub,,1613836800,17.786400000000004,4.3572
feinstaub,,1613840400,18.142083333333332,4.596666666666667
feinstaub,,1613844000,19.1675,5.723333333333333
feinstaub,,1613847600,18.7436,4.636800000000001
feinstaub,,1613851200,21.16375,6.050000000000001
feinstaub,,1613854800,20.6308,5.033200000000001
feinstaub,,1613858400,19.9896,4.3732
feinstaub,,1613862000,20.55291666666667,4.56125
feinstaub,,1613865600,20.437599999999996,4.475999999999999
feinstaub,,1613869200,20.413333333333334,4.470833333333334
feinstaub,,1613872800,20.73888888888889,4.616666666666666
feinstaub,,1613876400,24.251600000000003,5.394400000000001
feinstaub,,1613880000,22.296,5.154399999999999
feinstaub,,1613883600,20.3025,5.399583333333332
feinstaub,,1613887200,20.52190476190476,5.217142857142857
feinstaub,,1613890800,22.145652173913042,5.458260869565216
feinstaub,,1613894400,21.488999999999997,5.1709999999999985
feinstaub,,1613898000,19.79583333333333,5.045000000000001
feinstaub,,1613901600,18.43285714285714,4.477142857142858
feinstaub,,1613905200,15.102800000000002,4.404
feinstaub,,1613908800,13.388800000000002,4.2256
feinstaub,,1613912400,13.381666666666668,3.954166666666666
feinstaub,,1613916000,14.632,4.583600000000001
feinstaub,,1613919600,27.461666666666673,12.115
feinstaub,,1613923200,18.975999999999996,7.159599999999999
feinstaub,,1613926800,16.9424,5.6004000000000005
feinstaub,,1613930400,23.301666666666666,8.875833333333334
feinstaub,,1613934000,34.3584,16.096400000000003
feinstaub,,1613937600,32.23166666666666,15.358749999999999
feinstaub,,1613941200,31.746000000000002,15.626000000000001
feinstaub,,1613944800,30.903333333333336,14.964999999999998
feinstaub,,1613948400,38.304782608695646,18.813043478260873
feinstaub,,1613952000,37.343199999999996,18.4752
feinstaub,,1613955600,38.386399999999995,19.302
feinstaub,,1613959200,39.50583333333332,20.344583333333333
feinstaub,,1613962800,40.2824,20.3172
feinstaub,,1613966400,40.056799999999996,20.4816
feinstaub,,1613970000,39.36000000000001,20.037916666666668
feinstaub,,1613973600,43.82636363636364,22.58090909090909
feinstaub,,1613977200,45.67222222222222,24.13111111111111
feinstaub,,1613980800,36.728,18.884999999999998
feinstaub,,1613984400,34.51315789473684,16.25
feinstaub,,1613988000,25.57416666666666,8.577499999999999
feinstaub,,1613991600,24.414399999999997,6.6320000000000014
feinstaub,,1613995200,23.855199999999996,7.19
feinstaub,,1613998800,25.228333333333328,8.907916666666667
feinstaub,,1614002400,29.1548,11.277199999999999
feinstaub,,1614006000,25.6212,9.921599999999996
feinstaub,,1614009600,28.526249999999994,11.000833333333333
feinstaub,,1614013200,26.462799999999994,12.786
feinstaub,,1614016800,31.281200000000002,16.8544
feinstaub,,1614020400,30.951249999999998,18.30416666666667
feinstaub,,1614024000,30.149600000000007,17.164399999999997
feinstaub,,1614027600,25.729166666666668,15.505
feinstaub,,1614031200,37.52166666666666,21.870833333333337
feinstaub,,1614034800,49.34250000000001,26.017083333333332
feinstaub,,1614038400,49.22249999999999,27.88291666666666
feinstaub,,1614042000,39.8028,22.7832
feinstaub,,1614045600,28.628800000000005,16.242800000000003
feinstaub,,1614049200,27.41,15.44208333333333
feinstaub,,1614052800,22.63,13.700800000000001
feinstaub,,1614056400,20.5748,13.659600000000001
feinstaub,,1614060000,30.411304347826082,18.038695652173914
feinstaub,,1614063600,29.640588235294118,16.13235294117647
feinstaub,,1614067200,22.391739130434782,11.627391304347825
feinstaub,,1614070800,16.762631578947367,6.863684210526316
feinstaub,,1614074400,11.783600000000002,5.078400000000001
feinstaub,,1614078000,12.307499999999997,4.948333333333333
feinstaub,,1614081600,11.959999999999997,4.224799999999999
feinstaub,,1614085200,10.735199999999999,3.0032000000000005
feinstaub,,1614088800,8.655833333333334,2.3179166666666666
feinstaub,,1614092400,8.4396,2.0287999999999995
feinstaub,,1614096000,7.703200000000001,2.1632
feinstaub,,1614099600,8.705416666666666,2.4604166666666667
feinstaub,,1614103200,12.274399999999998,3.8628000000000005
feinstaub,,1614106800,10.849199999999998,3.7792000000000003
feinstaub,,1614110400,8.294583333333334,2.177916666666667
feinstaub,,1614114000,8.923200000000001,2.1712000000000002
feinstaub,,1614117600,7.666666666666665,1.77625
feinstaub,,1614121200,8.0484,1.8147999999999995
feinstaub,,1614124800,9.371739130434785,1.797391304347826
feinstaub,,1614128400,10.143600000000001,1.8807999999999996
feinstaub,,1614132000,8.767199999999999,1.7792
feinstaub,,1614135600,8.9916,1.7596
feinstaub,,1614139200,10.03,1.7950000000000002
feinstaub,,1614142800,10.148800000000001,1.7731999999999994
feinstaub,,1614146400,8.699130434782608,1.6604347826086956
feinstaub,,1614150000,11.591052631578947,2.1515789473684213
feinstaub,,1614153600,13.362608695652176,2.7143478260869567
feinstaub,,1614157200,15.350833333333329,3.1437500000000007
feinstaub,,1614160800,15.134583333333332,3.3174999999999994
feinstaub,,1614164400,14.907599999999997,3.673600000000001
feinstaub,,1614168000,14.807200000000002,3.6836
feinstaub,,1614171600,17.324166666666667,4.447916666666667
feinstaub,,1614175200,20.232399999999995,5.332799999999999
feinstaub,,1614178800,18.497999999999998,5.2636
feinstaub,,1614182400,19.092500000000005,5.410416666666666
feinstaub,,1614186000,19.6368,5.882000000000001
feinstaub,,1614189600,19.696399999999997,5.984799999999999
feinstaub,,1614193200,23.802916666666665,7.513333333333335
feinstaub,,1614196800,23.659199999999995,6.947199999999999
feinstaub,,1614200400,20.9284,5.9963999999999995
feinstaub,,1614204000,17.71166666666667,4.430416666666667
feinstaub,,1614207600,16.808400000000002,4.1724
feinstaub,,1614211200,14.813043478260875,3.6086956521739126
feinstaub,,1614214800,10.937999999999999,2.512
feinstaub,,1614218400,12.370833333333335,2.7620833333333334
feinstaub,,1614222000,15.500833333333338,3.2875
feinstaub,,1614225600,20.2104,4.1204
feinstaub,,1614229200,21.760800000000003,4.646
feinstaub,,1614232800,22.579047619047618,5.231428571428572
feinstaub,,1614236400,37.69421052631579,9.56842105263158
feinstaub,,1614240000,20.692352941176477,4.43235294117647
feinstaub,,1614243600,9.82,2.3114285714285714
feinstaub,,1614247200,9.89608695652174,2.3191304347826085
feinstaub,,1614250800,10.6528,2.8528000000000002
feinstaub,,1614254400,11.6196,3.2656
feinstaub,,1614258000,10.277083333333332,3.338749999999999
feinstaub,,1614261600,12.541200000000002,3.8983999999999996
feinstaub,,1614265200,12.585416666666667,3.0529166666666665
feinstaub,,1614268800,16.0204,3.5927999999999995
feinstaub,,1614272400,16.5332,3.3564
feinstaub,,1614276000,18.660400000000003,5.444799999999999
feinstaub,,1614279600,15.746956521739133,4.063913043478261
feinstaub,,1614283200,20.722499999999997,5.574999999999999
feinstaub,,1614286800,23.418400000000002,6.6076
feinstaub,,1614290400,23.905833333333334,7.2245833333333325
feinstaub,,1614294000,24.613200000000003,6.919200000000001
feinstaub,,1614297600,23.029130434782612,5.867826086956522
feinstaub,,1614301200,20.458399999999997,5.3988
feinstaub,,1614304800,19.17727272727273,5.802727272727271
feinstaub,,1614308400,17.244400000000002,4.941599999999999
feinstaub,,1614312000,16.7444,5.244
feinstaub,,1614315600,18.634583333333328,5.629583333333334
feinstaub,,1614319200,20.414499999999997,5.9145
feinstaub,,1614322800,18.49555555555556,5.662777777777778
feinstaub,,1614326400,19.444090909090907,5.73
feinstaub,,1614330000,17.806818181818183,4.339545454545455
feinstaub,,1614333600,16.750416666666666,4.013750000000001
feinstaub,,1614337200,11.4056,2.4928000000000003
feinstaub,,1614340800,10.52833333333333,2.7758333333333334
feinstaub,,1614344400,9.572800000000003,2.649200000000001
feinstaub,,1614348000,12.636000000000001,2.8364
feinstaub,,1614351600,11.289166666666665,2.63125
feinstaub,,1614355200,14.5868,3.4504000000000015
feinstaub,,1614358800,14.527200000000002,3.5452
feinstaub,,1614362400,25.028695652173912,7.809565217391304
feinstaub,,1614366000,23.608800000000002,7.7620000000000005
feinstaub,,1614369600,24.667999999999996,8.182
feinstaub,,1614373200,20.62739130434782,7.021739130434781
feinstaub,,1614376800,23.4152,7.9956000000000005
feinstaub,,1614380400,20.982000000000003,7.581999999999999
feinstaub,,1614384000,26.278750000000002,10.169583333333334
feinstaub,,1614387600,25.6248,10.3572
feinstaub,,1614391200,25.67958333333333,10.7875
feinstaub,,1614394800,24.970800000000004,10.142000000000001
feinstaub,,1614398400,23.888799999999996,9.7412
feinstaub,,1614402000,22.052083333333332,9.337499999999999
feinstaub,,1614405600,25.759523809523806,9.123333333333333
feinstaub,,1614409200,21.69055555555555,9.362777777777776
feinstaub,,1614412800,21.455000000000002,8.98818181818182
feinstaub,,1614416400,19.02052631578947,8.242105263157896
feinstaub,,1614420000,16.077727272727273,6.374545454545455
feinstaub,,1614423600,17.438799999999997,6.367599999999999
feinstaub,,1614427200,18.373749999999998,8.077083333333333
feinstaub,,1614430800,19.674400000000002,8.642000000000001
feinstaub,,1614434400,18.1028,7.475199999999998
feinstaub,,1614438000,19.250833333333333,7.4750000000000005
feinstaub,,1614441600,21.3796,9.162799999999997
feinstaub,,1614445200,19.377599999999994,8.21
feinstaub,,1614448800,25.494400000000006,10.813999999999998
feinstaub,,1614452400,45.70458333333334,21.760833333333338
feinstaub,,1614456000,50.9876,24.619999999999994
feinstaub,,1614459600,58.032,29.6528
feinstaub,,1614463200,43.014166666666675,21.424166666666665
feinstaub,,1614466800,55.33559999999999,28.108400000000003
feinstaub,,1614470400,100.66583333333334,42.99166666666667
feinstaub,,1614474000,95.28240000000001,41.8256
feinstaub,,1614477600,77.494,36.858
feinstaub,,1614481200,70.58708333333334,34.530833333333334
feinstaub,,1614484800,66.28840000000002,32.898799999999994
feinstaub,,1614488400,69.064,32.358000000000004
feinstaub,,1614492000,77.91217391304347,34.88434782608696
feinstaub,,1614495600,71.20368421052633,36.484736842105264
feinstaub,,1614499200,71.48631578947368,32.01736842105263
feinstaub,,1614502800,62.07124999999999,29.241249999999997
feinstaub,,1614506400,42.66,21.123333333333335
feinstaub,,1614510000,43.223333333333336,22.856666666666666
feinstaub,,1614513600,49.3592,26.3448
feinstaub,,1614517200,45.556000000000004,26.227199999999993
feinstaub,,1614520800,49.956,28.8216
feinstaub,,1614524400,36.29916666666667,19.554166666666664
feinstaub,,1614528000,25.198799999999995,12.111999999999998
feinstaub,,1614531600,17.977999999999998,7.7376
feinstaub,,1614535200,30.567083333333333,14.949166666666668
feinstaub,,1614538800,29.641200000000005,15.279200000000003
feinstaub,,1614542400,24.311739130434777,11.80608695652174
feinstaub,,1614546000,24.7256,9.795200000000001
feinstaub,,1614549600,32.197199999999995,12.975999999999999
feinstaub,,1614553200,39.90416666666666,16.93583333333334
feinstaub,,1614556800,51.08400000000002,23.016400000000004
feinstaub,,1614560400,71.77,32.53119999999999
feinstaub,,1614564000,85.92333333333333,37.45714285714286
feinstaub,,1614567600,85.03166666666665,39.60208333333333
feinstaub,,1614571200,102.42083333333333,47.79750000000001
feinstaub,,1614574800,102.5544,50.61960000000001
feinstaub,,1614578400,109.58699999999999,54.963
feinstaub,,1614582000,98.8584210526316,50.80947368421052
feinstaub,,1614585600,78.27894736842104,44.89578947368421
feinstaub,,1614589200,62.44565217391305,38.39739130434783
feinstaub,,1614592800,47.54043478260869,30.79260869565217
feinstaub,,1614596400,39.99999999999999,27.108399999999993
feinstaub,,1614600000,40.303599999999996,26.3172
feinstaub,,1614603600,79.87291666666668,33.09875
feinstaub,,1614607200,51.30120000000001,29.2524
feinstaub,,1614610800,55.798750000000005,30.088333333333335
feinstaub,,1614614400,51.5424,27.6584
feinstaub,,1614618000,50.27619047619047,26.597142857142856
feinstaub,,1614621600,63.95920000000001,30.5804
feinstaub,,1614625200,67.4695652173913,31.23086956521739
feinstaub,,1614628800,72.14920000000002,33.604000000000006
feinstaub,,1614632400,77.25291666666665,35.85541666666666
feinstaub,,1614636000,90.52333333333335,40.42
feinstaub,,1614639600,103.69960000000003,44.6528
feinstaub,,1614643200,92.58791666666667,40.68458333333333
feinstaub,,1614646800,101.314,42.124
feinstaub,,1614650400,104.5757142857143,43.69619047619047
feinstaub,,1614654000,96.91040000000002,42.3296
feinstaub,,1614657600,141.16125,56.7225
feinstaub,,1614661200,171.88040000000004,64.4728
feinstaub,,1614664800,159.52249999999998,59.5495
feinstaub,,1614668400,160.14809523809527,59.48714285714285
feinstaub,,1614672000,110.13117647058824,47.27176470588236
feinstaub,,1614675600,88.62800000000001,41.8675
feinstaub,,1614679200,80.43749999999999,39.1645
feinstaub,,1614682800,86.40360000000001,41.5192
feinstaub,,1614686400,106.3044,53.07680000000001
feinstaub,,1614690000,90.19913043478263,45.01913043478261
feinstaub,,1614693600,82.2776,43.09920000000001
feinstaub,,1614697200,81.13541666666664,42.61375
feinstaub,,1614700800,86.47636363636364,44.31681818181818
feinstaub,,1614704400,114.31440000000003,58.09960000000001
feinstaub,,1614708000,111.95040000000003,54.42960000000002
feinstaub,,1614711600,133.22625,63.10708333333334
feinstaub,,1614715200,150.7396,69.46439999999998
feinstaub,,1614718800,146.51739130434785,65.63695652173912
feinstaub,,1614722400,149.58909090909094,65.30909090909091
feinstaub,,1614726000,238.87190476190474,74.42809523809522
feinstaub,,1614729600,392.3763636363636,80.6568181818182
feinstaub,,1614733200,234.43291666666673,70.0625
feinstaub,,1614736800,220.7930434782609,74.32478260869564
feinstaub,,1614740400,269.77374999999995,78.59124999999999
feinstaub,,1614744000,303.8544,83.94319999999999
feinstaub,,1614747600,369.5144000000001,84.77320000000002
feinstaub,,1614751200,370.335238095238,87.81476190476191
feinstaub,,1614754800,366.93499999999995,82.76541666666665
feinstaub,,1614758400,248.32882352941178,72.14647058823529
feinstaub,,1614762000,173.93782608695656,60.61304347826088
feinstaub,,1614765600,107.19958333333335,48.30416666666668
feinstaub,,1614769200,97.14480000000003,48.633599999999994
feinstaub,,1614772800,91.15239999999999,47.93
feinstaub,,1614776400,109.25291666666668,57.86416666666667
feinstaub,,1614780000,147.85719999999998,69.9552
feinstaub,,1614783600,162.97240000000002,72.994
feinstaub,,1614787200,228.5584,102.17040000000001
feinstaub,,1614790800,206.3329166666667,91.63416666666666
feinstaub,,1614794400,216.81759999999997,85.27679999999998
feinstaub,,1614798000,178.70208333333335,78.33666666666666
feinstaub,,1614801600,222.3608000000001,73.0368
feinstaub,,1614805200,371.282,88.75200000000001
feinstaub,,1614808800,766.54,117.98374999999999
feinstaub,,1614812400,824.3240000000002,123.16959999999999
feinstaub,,1614816000,680.3811999999998,126.58840000000002
feinstaub,,1614819600,275.9775,75.09666666666666
feinstaub,,1614823200,88.32761904761905,37.66619047619048
feinstaub,,1614826800,32.4508,16.313200000000002
feinstaub,,1614830400,18.842399999999998,10.81
feinstaub,,1614834000,57.35791666666666,24.337083333333336
feinstaub,,1614837600,49.26200000000001,20.7624
feinstaub,,1614841200,112.91416666666665,36.22958333333332
feinstaub,,1614844800,97.52652173913042,37.09217391304348
feinstaub,,1614848400,56.59652173913044,24.160869565217393
feinstaub,,1614852000,13.471200000000001,7.5508000000000015
feinstaub,,1614855600,18.3112,10.458800000000002
feinstaub,,1614859200,21.05458333333333,11.3125
feinstaub,,1614862800,11.959200000000003,5.7227999999999986
feinstaub,,1614866400,9.665599999999998,4.5412
feinstaub,,1614870000,9.426666666666666,4.609583333333333
feinstaub,,1614873600,8.6228,3.9728
feinstaub,,1614877200,16.162,8.7608
feinstaub,,1614880800,21.385999999999996,10.8128
feinstaub,,1614884400,10.872083333333336,5.816249999999999
feinstaub,,1614888000,10.799199999999999,5.7627999999999995
feinstaub,,1614891600,12.5436,4.2307999999999995
feinstaub,,1614895200,13.61625,2.7449999999999997
feinstaub,,1614898800,15.688799999999999,2.4899999999999998
feinstaub,,1614902400,14.293600000000001,2.3476000000000004
feinstaub,,1614906000,14.564999999999998,2.41
feinstaub,,1614909600,14.199047619047617,2.417619047619048
feinstaub,,1614913200,15.019999999999998,2.5591666666666666
feinstaub,,1614916800,17.159199999999995,2.4135999999999997
feinstaub,,1614920400,16.695,2.4049999999999994
feinstaub,,1614924000,17.1284,2.3772
feinstaub,,1614927600,19.133333333333333,3.2262500000000003
feinstaub,,1614931200,15.577222222222218,2.1894444444444443
feinstaub,,1614934800,11.553043478260868,2.4847826086956517
feinstaub,,1614938400,9.895000000000001,1.74625
feinstaub,,1614942000,10.492399999999998,2.0036
feinstaub,,1614945600,12.135416666666666,2.7695833333333333
feinstaub,,1614949200,10.9104,2.5268
feinstaub,,1614952800,10.189999999999998,2.336
feinstaub,,1614956400,10.55375,1.852083333333333
feinstaub,,1614960000,11.728399999999997,2.2432
feinstaub,,1614963600,9.4592,1.6008000000000002
feinstaub,,1614967200,8.777083333333332,1.567916666666667
feinstaub,,1614970800,12.474399999999996,2.8471999999999995
feinstaub,,1614974400,19.151599999999995,4.8756
feinstaub,,1614978000,19.688799999999997,4.2588
feinstaub,,1614981600,15.529166666666663,3.569166666666666
feinstaub,,1614985200,12.751600000000002,3.0683999999999996
feinstaub,,1614988800,12.111199999999998,3.5664000000000002
feinstaub,,1614992400,11.941666666666668,2.9620833333333336
feinstaub,,1614996000,12.673499999999997,3.1465000000000005
feinstaub,,1614999600,10.576,2.922799999999999
feinstaub,,1615003200,10.625217391304346,3.167391304347826
feinstaub,,1615006800,10.297600000000003,3.3756
feinstaub,,1615010400,11.904545454545458,4.072272727272727
feinstaub,,1615014000,12.1336,4.532399999999999
feinstaub,,1615017600,13.27736842105263,4.81
feinstaub,,1615021200,14.955217391304348,4.767826086956522
feinstaub,,1615024800,9.4985,2.5435
feinstaub,,1615028400,8.503749999999998,2.0279166666666666
feinstaub,,1615032000,9.770399999999997,2.3667999999999996
feinstaub,,1615035600,8.730416666666665,2.235416666666668
feinstaub,,1615039200,9.0836,2.1096
feinstaub,,1615042800,9.2236,2.1396000000000006
feinstaub,,1615046400,8.75,2.293599999999999
feinstaub,,1615050000,9.275833333333335,2.8237500000000004
feinstaub,,1615053600,12.218,4.522800000000001
feinstaub,,1615057200,17.651599999999995,6.821600000000001
feinstaub,,1615060800,31.94208333333332,13.445416666666667
feinstaub,,1615064400,28.6468,12.459200000000001
feinstaub,,1615068000,26.7324,11.781199999999998
feinstaub,,1615071600,22.72041666666667,10.659583333333332
feinstaub,,1615075200,18.7724,8.851199999999999
feinstaub,,1615078800,18.5016,9.339599999999997
feinstaub,,1615082400,19.853333333333335,10.012083333333333
feinstaub,,1615086000,19.05083333333333,9.335833333333332
feinstaub,,1615089600,16.38291666666667,8.2125
feinstaub,,1615093200,14.345199999999998,7.197199999999998
feinstaub,,1615096800,12.935416666666667,6.455416666666667
feinstaub,,1615100400,15.746666666666666,7.264761904761904
feinstaub,,1615104000,23.579411764705885,5.728235294117647
feinstaub,,1615107600,10.48304347826087,2.896956521739131
feinstaub,,1615111200,9.7395,2.748500000000001
feinstaub,,1615114800,7.983333333333332,3.0170833333333333
feinstaub,,1615118400,8.529600000000002,3.1108
feinstaub,,1615122000,7.990399999999999,3.108
feinstaub,,1615125600,9.8,4.4684
feinstaub,,1615129200,15.421666666666665,6.928750000000001
feinstaub,,1615132800,14.218399999999997,7.38
feinstaub,,1615136400,22.088399999999993,12.2892
feinstaub,,1615140000,35.832083333333344,19.044583333333332
feinstaub,,1615143600,28.0984,14.1864
feinstaub,,1615147200,30.799199999999995,15.862400000000001
feinstaub,,1615150800,34.87583333333333,18.067916666666665
feinstaub,,1615154400,36.5128,18.58
feinstaub,,1615158000,40.7044,20.411600000000007
feinstaub,,1615161600,49.73375000000001,24.637916666666666
feinstaub,,1615165200,45.46360000000001,22.867199999999997
feinstaub,,1615168800,42.044210526315794,21.497368421052634
feinstaub,,1615172400,41.0116,21.006399999999996
feinstaub,,1615176000,40.46916666666666,20.42083333333333
feinstaub,,1615179600,40.15833333333333,19.66222222222222
feinstaub,,1615183200,38.396190476190476,18.289047619047615
feinstaub,,1615186800,33.51857142857143,16.376190476190477
feinstaub,,1615190400,36.62428571428571,18.03333333333333
feinstaub,,1615194000,36.48263157894737,18.17684210526316
feinstaub,,1615197600,36.369565217391305,19.290434782608692
feinstaub,,1615201200,37.884782608695645,20.887826086956526
feinstaub,,1615204800,33.29208333333334,19.815416666666668
feinstaub,,1615208400,30.20799999999999,18.588400000000007
feinstaub,,1615212000,33.91720000000001,20.116
feinstaub,,1615215600,38.461249999999986,21.640416666666667
feinstaub,,1615219200,42.8816,23.9564
feinstaub,,1615222800,41.67839999999999,25.24
feinstaub,,1615226400,44.86480000000002,25.327599999999997
feinstaub,,1615230000,48.19875,26.812083333333337
feinstaub,,1615233600,48.94480000000001,27.502399999999998
feinstaub,,1615237200,54.015600000000006,29.4984
feinstaub,,1615240800,58.10375000000001,31.93875
feinstaub,,1615244400,59.50039999999999,32.698
feinstaub,,1615248000,66.63000000000001,35.9932
feinstaub,,1615251600,64.76208333333334,34.80666666666667
feinstaub,,1615255200,50.60947368421053,27.653684210526315
feinstaub,,1615258800,42.31041666666666,23.30916666666667
feinstaub,,1615262400,33.4652,18.2212
feinstaub,,1615266000,24.962799999999998,13.6296
feinstaub,,1615269600,23.398500000000002,11.429999999999998
feinstaub,,1615273200,23.132272727272724,12.84590909090909
feinstaub,,1615276800,22.3,10.713888888888887
feinstaub,,1615280400,15.716818181818182,7.229545454545455
feinstaub,,1615284000,10.494545454545454,3.842272727272728
feinstaub,,1615287600,6.977600000000001,2.0376
feinstaub,,1615291200,7.6016666666666675,2.7466666666666666
feinstaub,,1615294800,7.3576,2.3827999999999996
feinstaub,,1615298400,6.908,2.2300000000000004
feinstaub,,1615302000,8.24,2.265
feinstaub,,1615305600,8.4936,2.337200000000001
feinstaub,,1615309200,10.152799999999997,4.098400000000001
feinstaub,,1615312800,24.1252,11.4032
feinstaub,,1615316400,25.952083333333334,12.905000000000001
feinstaub,,1615320000,23.933200000000003,12.369200000000001
feinstaub,,1615323600,26.644399999999997,14.981599999999997
feinstaub,,1615327200,28.323333333333323,16.13583333333333
feinstaub,,1615330800,29.9364,16.558
feinstaub,,1615334400,32.7144,18.060000000000002
feinstaub,,1615338000,35.199583333333344,19.959166666666665
feinstaub,,1615341600,40.678999999999995,21.568500000000004
feinstaub,,1615345200,40.74125,22.03833333333333
feinstaub,,1615348800,41.53719999999999,22.3152
feinstaub,,1615352400,47.874399999999994,25.317999999999998
feinstaub,,1615356000,52.16499999999999,27.831666666666667
feinstaub,,1615359600,60.60347826086958,32.38086956521739
feinstaub,,1615363200,57.183478260869556,29.519565217391307
feinstaub,,1615366800,48.007083333333334,23.975000000000005
feinstaub,,1615370400,39.00800000000001,18.0524
feinstaub,,1615374000,34.7704,15.140400000000001
feinstaub,,1615377600,28.06,12.809166666666668
feinstaub,,1615381200,17.636399999999995,8.692
feinstaub,,1615384800,10.213600000000001,4.694
feinstaub,,1615388400,10.0424,4.352
feinstaub,,1615392000,8.898333333333333,3.8520833333333333
feinstaub,,1615395600,6.515200000000002,2.7524
feinstaub,,1615399200,10.249199999999998,3.8748
feinstaub,,1615402800,13.710833333333335,4.788333333333333
feinstaub,,1615406400,12.677200000000003,4.4552
feinstaub,,1615410000,6.143599999999999,1.9572000000000003
feinstaub,,1615413600,4.319583333333333,1.1483333333333334
feinstaub,,1615417200,13.1024,2.2676
feinstaub,,1615420800,33.15375,4.833750000000001
feinstaub,,1615424400,42.06000000000001,6.540799999999999
feinstaub,,1615428000,38.765,6.2015
feinstaub,,1615431600,44.913999999999994,7.136399999999997
feinstaub,,1615435200,55.3996,8.9568
feinstaub,,1615438800,56.15291666666669,8.94375
feinstaub,,1615442400,50.01863636363637,8.095454545454544
feinstaub,,1615446000,40.75124999999999,6.784999999999999
feinstaub,,1615449600,39.55,6.8950000000000005
feinstaub,,1615453200,23.4445,4.2780000000000005
feinstaub,,1615456800,13.922857142857143,2.569047619047619
feinstaub,,1615460400,14.863749999999998,3.0316666666666663
feinstaub,,1615464000,8.876000000000003,1.6611999999999998
feinstaub,,1615467600,5.9944,1.2547999999999997
feinstaub,,1615471200,10.282916666666667,1.8454166666666663
feinstaub,,1615474800,7.937600000000001,1.5824000000000005
feinstaub,,1615478400,15.108000000000004,5.858
feinstaub,,1615482000,9.098333333333331,1.8737500000000002
feinstaub,,1615485600,5.178399999999999,1.0724
feinstaub,,1615489200,6.312799999999999,1.3403999999999998
feinstaub,,1615492800,9.5932,1.7644000000000002
feinstaub,,1615496400,8.9125,1.6362500000000002
feinstaub,,1615500000,12.033199999999999,1.8695999999999997
feinstaub,,1615503600,14.232000000000001,2.1867999999999994
feinstaub,,1615507200,14.11208333333333,2.0925000000000002
feinstaub,,1615510800,15.954000000000002,2.5455999999999994
feinstaub,,1615514400,20.09263157894737,3.02
feinstaub,,1615518000,24.4124,3.5296
feinstaub,,1615521600,29.320400000000003,4.1624
feinstaub,,1615525200,31.81166666666667,4.326666666666667
feinstaub,,1615528800,18.640500000000003,2.6235
feinstaub,,1615532400,18.416363636363634,2.7377272727272732
feinstaub,,1615536000,25.317894736842103,3.805263157894737
feinstaub,,1615539600,26.33272727272727,5.321818181818181
feinstaub,,1615543200,8.922,1.56
feinstaub,,1615546800,9.2064,2.1148000000000007
feinstaub,,1615550400,8.606800000000002,1.5715999999999999
feinstaub,,1615554000,9.314583333333331,1.6466666666666665
feinstaub,,1615557600,10.5644,1.9243999999999997
feinstaub,,1615561200,14.323333333333332,2.4570833333333333
feinstaub,,1615564800,8.767083333333334,1.8737500000000002
feinstaub,,1615568400,8.801599999999999,1.6636000000000002
feinstaub,,1615572000,14.714583333333335,2.29375
feinstaub,,1615575600,27.575,4.138333333333333
feinstaub,,1615579200,29.2388,4.5112
feinstaub,,1615582800,26.146666666666665,3.7795833333333335
feinstaub,,1615586400,16.528799999999997,2.4912000000000005
feinstaub,,1615590000,7.9604,1.2984
feinstaub,,1615593600,11.682916666666666,1.736666666666667
feinstaub,,1615597200,19.0004,3.0608000000000004
feinstaub,,1615600800,6.4445,1.0005000000000002
feinstaub,,1615604400,9.6096,1.5648
feinstaub,,1615608000,17.17625,2.622916666666667
feinstaub,,1615611600,23.507600000000004,3.6403999999999996
feinstaub,,1615615200,22.985263157894742,3.569999999999999
feinstaub,,1615618800,14.933913043478261,2.5300000000000002
feinstaub,,1615622400,13.285500000000003,2.2499999999999996
feinstaub,,1615626000,12.250833333333333,2.233333333333333
feinstaub,,1615629600,10.452631578947368,1.8536842105263158
feinstaub,,1615633200,8.2008,1.4775999999999996
feinstaub,,1615636800,8.926,2.0132
feinstaub,,1615640400,6.728749999999999,1.6312499999999999
feinstaub,,1615644000,8.179199999999998,1.4032
feinstaub,,1615647600,8.328399999999998,1.6907999999999999
feinstaub,,1615651200,7.612916666666666,1.5141666666666669
feinstaub,,1615654800,8.476399999999998,1.8396
feinstaub,,1615658400,4.186399999999999,1.1152000000000002
feinstaub,,1615662000,6.768399999999999,1.6211999999999998
feinstaub,,1615665600,8.133333333333331,1.7479166666666666
feinstaub,,1615669200,7.862399999999999,1.6956
feinstaub,,1615672800,8.764800000000001,1.6328000000000005
feinstaub,,1615676400,11.477727272727273,1.9422727272727274
feinstaub,,1615680000,12.672499999999998,2.23
feinstaub,,1615683600,15.720800000000002,2.576
feinstaub,,1615687200,19.15782608695652,2.9395652173913045
feinstaub,,1615690800,15.976400000000002,2.4928
feinstaub,,1615694400,11.665,1.9458333333333335
feinstaub,,1615698000,10.982399999999998,1.88
feinstaub,,1615701600,9.888636363636364,1.656363636363636
feinstaub,,1615705200,10.122608695652174,1.6504347826086954
feinstaub,,1615708800,9.471578947368421,1.8631578947368417
feinstaub,,1615712400,9.356363636363637,1.748636363636364
feinstaub,,1615716000,8.460434782608695,1.6413043478260867
feinstaub,,1615719600,6.415217391304347,1.2421739130434784
feinstaub,,1615723200,5.714000000000001,1.2320000000000002
feinstaub,,1615726800,7.1716,1.416
feinstaub,,1615730400,7.476249999999999,1.4954166666666664
feinstaub,,1615734000,13.5424,4.4556000000000004
feinstaub,,1615737600,10.5364,2.1768
feinstaub,,1615741200,13.57875,2.589583333333333
feinstaub,,1615744800,14.3236,2.7011999999999996
feinstaub,,1615748400,8.857199999999999,1.8116000000000003
feinstaub,,1615752000,18.620799999999996,6.101999999999999
feinstaub,,1615755600,16.374166666666664,3.2245833333333334
feinstaub,,1615759200,21.814,4.2528
feinstaub,,1615762800,24.309999999999995,4.688399999999999
feinstaub,,1615766400,20.079583333333332,4.340416666666667
feinstaub,,1615770000,14.0056,3.0203999999999995
feinstaub,,1615773600,11.147058823529413,2.533529411764706
feinstaub,,1615777200,12.377916666666664,2.81625
feinstaub,,1615780800,14.636800000000001,3.2123999999999997
feinstaub,,1615784400,16.190555555555555,3.3233333333333337
feinstaub,,1615788000,17.10142857142857,3.7633333333333328
feinstaub,,1615791600,21.540000000000006,4.477826086956522
feinstaub,,1615795200,25.303478260869564,5.8039130434782615
feinstaub,,1615798800,26.2125,5.1049999999999995
feinstaub,,1615802400,18.864782608695656,4.068260869565217
feinstaub,,1615806000,13.95409090909091,3.0281818181818183
feinstaub,,1615809600,8.406249999999998,2.614583333333334
feinstaub,,1615813200,9.662400000000002,2.7236000000000002
feinstaub,,1615816800,8.256,2.4856
feinstaub,,1615820400,9.078750000000001,2.538333333333334
feinstaub,,1615824000,12.466399999999998,4.352
feinstaub,,1615827600,12.5592,3.6912000000000003
feinstaub,,1615831200,12.667199999999998,3.7955999999999994
feinstaub,,1615834800,15.032916666666667,4.536249999999999
feinstaub,,1615838400,18.0028,6.151600000000001
feinstaub,,1615842000,19.288799999999995,6.9828
feinstaub,,1615845600,21.564999999999998,8.403333333333332
feinstaub,,1615849200,20.963599999999996,6.6732000000000005
feinstaub,,1615852800,21.605999999999998,6.7964
feinstaub,,1615856400,19.009583333333328,5.195416666666667
feinstaub,,1615860000,18.308636363636364,4.844999999999998
feinstaub,,1615863600,18.013333333333332,4.3725000000000005
feinstaub,,1615867200,19.4068,4.4184
feinstaub,,1615870800,19.708399999999997,4.2627999999999995
feinstaub,,1615874400,22.191739130434787,4.591739130434782
feinstaub,,1615878000,25.174545454545456,5.705454545454546
feinstaub,,1615881600,28.915833333333328,7.550833333333334
feinstaub,,1615885200,22.21434782608696,6.891739130434782
feinstaub,,1615888800,12.194999999999999,5.162916666666667
feinstaub,,1615892400,9.19,4.2244
feinstaub,,1615896000,7.3132,2.798
feinstaub,,1615899600,6.78375,2.547083333333333
feinstaub,,1615903200,7.2284000000000015,3.642
feinstaub,,1615906800,9.638399999999997,4.7212
feinstaub,,1615910400,5.2704,2.4403999999999995
feinstaub,,1615914000,5.2804166666666665,2.45375
feinstaub,,1615917600,6.606800000000001,1.4544000000000004
feinstaub,,1615921200,26.352000000000004,4.853599999999999
feinstaub,,1615924800,35.31041666666667,6.18
feinstaub,,1615928400,37.711200000000005,6.3584000000000005
feinstaub,,1615932000,41.84800000000001,6.5276
feinstaub,,1615935600,39.39125000000001,6.257083333333333
feinstaub,,1615939200,40.55519999999999,6.2692
feinstaub,,1615942800,44.64920000000001,6.556400000000001
feinstaub,,1615946400,45.24777777777777,6.792222222222222
feinstaub,,1615950000,45.516818181818174,6.630909090909091
feinstaub,,1615953600,46.421200000000006,7.024400000000001
feinstaub,,1615957200,49.003750000000004,7.095416666666664
feinstaub,,1615960800,54.454347826086966,10.169130434782607
feinstaub,,1615964400,44.55761904761905,7.090476190476191
feinstaub,,1615968000,49.06473684210526,8.444210526315791
feinstaub,,1615971600,52.875,11.474999999999996
feinstaub,,1615975200,44.03285714285715,7.283809523809524
feinstaub,,1615978800,42.37608695652173,8.325652173913044
feinstaub,,1615982400,34.676249999999996,6.2975
feinstaub,,1615986000,25.961199999999998,5.0256
feinstaub,,1615989600,18.564399999999996,3.9844000000000004
feinstaub,,1615993200,14.34375,3.391666666666666
feinstaub,,1615996800,15.668,3.5931999999999995
feinstaub,,1616000400,17.192400000000003,3.9936000000000003
feinstaub,,1616004000,19.927083333333336,3.655416666666666
feinstaub,,1616007600,26.4268,4.508000000000001
feinstaub,,1616011200,29.53,4.902800000000001
feinstaub,,1616014800,30.52541666666667,4.946666666666667
feinstaub,,1616018400,28.60719999999999,4.530399999999999
feinstaub,,1616022000,28.858695652173918,4.369565217391305
feinstaub,,1616025600,21.6712,3.5624000000000002
feinstaub,,1616029200,22.91913043478261,3.4391304347826086
feinstaub,,1616032800,27.81294117647058,4.262941176470588
feinstaub,,1616036400,30.04875,4.7725
feinstaub,,1616040000,26.778399999999998,4.647200000000001
feinstaub,,1616043600,38.75166666666666,8.085833333333332
feinstaub,,1616047200,43.585,9.162083333333333
feinstaub,,1616050800,35.09095238095238,6.376190476190475
feinstaub,,1616054400,33.263000000000005,6.894
feinstaub,,1616058000,35.09478260869565,7.424347826086956
feinstaub,,1616061600,29.43,5.835499999999999
feinstaub,,1616065200,22.59375,4.624583333333333
feinstaub,,1616068800,21.626666666666665,4.605833333333334
feinstaub,,1616072400,18.1768,3.9816
feinstaub,,1616076000,30.705600000000008,8.317599999999999
feinstaub,,1616079600,28.96291666666667,7.856666666666668
feinstaub,,1616083200,25.7448,7.651200000000001
feinstaub,,1616086800,26.369565217391308,10.52304347826087
feinstaub,,1616090400,32.718799999999995,16.2524
feinstaub,,1616094000,41.0836,23.2652
feinstaub,,1616097600,53,27.951666666666664
feinstaub,,1616101200,44.34759999999999,23.1948
feinstaub,,1616104800,20.803600000000003,12.899600000000003
feinstaub,,1616108400,6.6436,3.9452
feinstaub,,1616112000,4.916250000000001,3.366666666666666
feinstaub,,1616115600,4.8066666666666675,2.946666666666667
feinstaub,,1616119200,6.38909090909091,3.985454545454545
feinstaub,,1616122800,6.8892000000000015,4.5768
feinstaub,,1616126400,4.222799999999999,2.4320000000000004
feinstaub,,1616130000,6.71913043478261,2.3965217391304345
feinstaub,,1616133600,14.933750000000002,4.5275
feinstaub,,1616137200,16.217142857142857,3.092857142857143
feinstaub,,1616140800,14.987058823529411,2.99
feinstaub,,1616144400,14.460666666666667,2.2759999999999994
feinstaub,,1616148000,10.929374999999999,1.97875
feinstaub,,1616151600,8.772,1.7084999999999997
feinstaub,,1616155200,9.722916666666666,2.2291666666666665
feinstaub,,1616158800,7.8429166666666665,1.9158333333333337
feinstaub,,1616162400,7.886400000000001,1.8439999999999994
feinstaub,,1616166000,9.151250000000001,2.175833333333333
feinstaub,,1616169600,8.1492,2.0284
feinstaub,,1616173200,8.5592,1.9623999999999997
feinstaub,,1616176800,8.646666666666667,2.3333333333333335
feinstaub,,1616180400,14.01,5.1084
feinstaub,,1616184000,14.262173913043474,5.151304347826087
feinstaub,,1616187600,20.076,7.637200000000002
feinstaub,,1616191200,15.829199999999997,5.8968
feinstaub,,1616194800,13.416666666666664,4.89125
feinstaub,,1616198400,11.771666666666668,4.0758333333333345
feinstaub,,1616202000,11.71583333333333,3.9337500000000003
feinstaub,,1616205600,10.650769230769232,4.138461538461538
feinstaub,,1616209200,12.4085,5.321
feinstaub,,1616212800,14.296666666666663,6.950666666666666
feinstaub,,1616216400,13.950000000000001,7.133749999999999
feinstaub,,1616220000,11.8725,5.598125
feinstaub,,1616223600,8.62470588235294,4.261176470588235
feinstaub,,1616227200,4.691111111111111,2.4533333333333336
feinstaub,,1616230800,10.016842105263157,6.217894736842105
feinstaub,,1616234400,13.629500000000004,8.967
feinstaub,,1616238000,12.566315789473684,7.675263157894736
feinstaub,,1616241600,18.68631578947368,11.242105263157892
feinstaub,,1616245200,15.234000000000004,8.601199999999999
feinstaub,,1616248800,14.79,8.288
feinstaub,,1616252400,19.775416666666665,10.776666666666666
feinstaub,,1616256000,28.250799999999998,16.169200000000004
feinstaub,,1616259600,24.668750000000003,13.907499999999999
feinstaub,,1616263200,29.209166666666672,17.1125
feinstaub,,1616266800,33.1532,19.237199999999998
feinstaub,,1616270400,46.012499999999996,26.78958333333333
feinstaub,,1616274000,33.15239999999999,19.901200000000003
feinstaub,,1616277600,29.189600000000006,17.6904
feinstaub,,1616281200,24.989565217391306,16.007826086956523
feinstaub,,1616284800,25.738333333333333,16.40041666666666
feinstaub,,1616288400,22.058695652173913,14.448260869565216
feinstaub,,1616292000,14.7875,9.859374999999998
feinstaub,,1616295600,11.361875000000001,8.429999999999998
feinstaub,,1616299200,11.689047619047622,8.434761904761904
feinstaub,,1616302800,12.840714285714284,9.228571428571428
feinstaub,,1616306400,14.705,9.645000000000001
feinstaub,,1616310000,13.242499999999998,8.01875
feinstaub,,1616313600,11.802857142857144,5.1690476190476184
feinstaub,,1616317200,12.596666666666668,2.94
feinstaub,,1616320800,21.187499999999996,4.3950000000000005
feinstaub,,1616324400,17.15368421052632,3.4247368421052635
feinstaub,,1616328000,15.254999999999999,3.174444444444445
feinstaub,,1616331600,14.85391304347826,3.9569565217391296
feinstaub,,1616335200,15.477999999999998,3.9963999999999986
feinstaub,,1616338800,28.362083333333334,11.106250000000001
feinstaub,,1616342400,15.3104,3.5368
feinstaub,,1616346000,14.023599999999998,3.9779999999999998
feinstaub,,1616349600,13.694347826086958,3.6108695652173908
feinstaub,,1616353200,26.183999999999997,11.083999999999998
feinstaub,,1616356800,21.456400000000002,7.9628
feinstaub,,1616360400,24.950833333333335,9.261666666666667
feinstaub,,1616364000,20.016000000000005,7.624799999999999
feinstaub,,1616367600,22.46166666666667,9.019166666666665
feinstaub,,1616371200,23.7412,8.517999999999999
feinstaub,,1616374800,22.523181818181822,9.129999999999999
feinstaub,,1616378400,24.42764705882353,9.30764705882353
feinstaub,,1616382000,24.242173913043477,8.657391304347826
feinstaub,,1616385600,24.127200000000002,8.913199999999998
feinstaub,,1616389200,21.753333333333337,7.7714285714285705
feinstaub,,1616392800,22.00833333333333,6.928888888888888
feinstaub,,1616396400,20.436,6.686666666666667
feinstaub,,1616400000,24.602857142857143,7.694999999999999
feinstaub,,1616403600,17.354375,5.852499999999999
feinstaub,,1616407200,16.197,6.464000000000001
feinstaub,,1616410800,11.743500000000001,4.922
feinstaub,,1616414400,11.100416666666666,5.034166666666667
feinstaub,,1616418000,10.23826086956522,4.3908695652173915
feinstaub,,1616421600,9.3896,4.045599999999999
feinstaub,,1616425200,10.492799999999999,3.6748000000000003
feinstaub,,1616428800,10.358749999999999,3.9683333333333324
feinstaub,,1616432400,11.9092,3.8051999999999992
feinstaub,,1616436000,7.749600000000002,2.6564000000000005
feinstaub,,1616439600,10.011250000000002,3.6841666666666666
feinstaub,,1616443200,12.774583333333332,5.16
feinstaub,,1616446800,19.678,8.445599999999999
feinstaub,,1616450400,20.695,9.053749999999999
feinstaub,,1616454000,23.994999999999994,10.97
feinstaub,,1616457600,26.280434782608694,11.84695652173913
feinstaub,,1616461200,21.7,10.9
feinstaub,,1616464800,27.12933333333333,12.315333333333333
feinstaub,,1616468400,42.78280000000001,15.651599999999998
feinstaub,,1616472000,50.86958333333333,16.964583333333334
feinstaub,,1616475600,32.32545454545455,14.213636363636368
feinstaub,,1616479200,31.006875,17.17625
feinstaub,,1616482800,32.46666666666667,18.10666666666667
feinstaub,,1616486400,28.517777777777773,15.759999999999998
feinstaub,,1616490000,31.99230769230769,18.970769230769232
feinstaub,,1616493600,22.88380952380952,12.319523809523808
feinstaub,,1616497200,15.971818181818184,8.406818181818183
feinstaub,,1616500800,15.66047619047619,7.768095238095237
feinstaub,,1616504400,12.902916666666668,6.555
feinstaub,,1616508000,13.42681818181818,6.503636363636363
feinstaub,,1616511600,14.527272727272726,6.855
feinstaub,,1616515200,22.646666666666665,11.737916666666665
feinstaub,,1616518800,20.84208333333333,9.76
feinstaub,,1616522400,27.9536,13.232400000000002
feinstaub,,1616526000,35.45166666666667,16.968333333333334
feinstaub,,1616529600,43.26375000000001,19.8725
feinstaub,,1616533200,48.47080000000001,22.346400000000003
feinstaub,,1616536800,52.15833333333334,24.26833333333333
feinstaub,,1616540400,55.657826086956526,26.075652173913046
feinstaub,,1616544000,61.3152,28.173199999999998
feinstaub,,1616547600,72.4821052631579,31.707894736842096
feinstaub,,1616551200,53.173750000000005,25.39833333333334
feinstaub,,1616554800,171.99521739130435,38.574347826086964
feinstaub,,1616558400,181.79391304347823,38.17913043478261
feinstaub,,1616562000,155.09411764705882,37.09588235294118
feinstaub,,1616565600,121.28333333333336,39.208888888888886
feinstaub,,1616569200,44.38333333333333,25.48833333333333
feinstaub,,1616572800,33.54076923076922,19.32846153846154
feinstaub,,1616576400,45.0223076923077,25.411538461538456
feinstaub,,1616580000,28.900000000000006,13.040588235294118
feinstaub,,1616583600,23.03142857142857,10.402142857142858
feinstaub,,1616587200,24.406499999999998,9.657999999999998
feinstaub,,1616590800,19.915454545454548,7.153636363636365
feinstaub,,1616594400,33.400000000000006,9.514545454545456
feinstaub,,1616598000,31.669230769230772,12.933076923076921
feinstaub,,1616601600,32.443636363636365,14.489090909090908
feinstaub,,1616605200,29.26285714285714,12.31857142857143
feinstaub,,1616608800,28.281176470588235,10.141176470588235
feinstaub,,1616612400,24.895000000000003,9.00625
feinstaub,,1616616000,31.176500000000004,13.363499999999998
feinstaub,,1616619600,19.221599999999995,8.9344
feinstaub,,1616623200,12.006842105263157,5.367894736842105
feinstaub,,1616626800,8.480454545454547,4.131818181818182
feinstaub,,1616630400,13.924166666666666,7.664583333333333
feinstaub,,1616634000,21.888095238095236,12.574761904761905
feinstaub,,1616637600,32.45166666666667,17.779444444444447
feinstaub,,1616641200,27.82333333333333,15.014285714285714
feinstaub,,1616644800,69.42363636363638,14.459090909090907
feinstaub,,1616648400,22.46777777777778,9.08222222222222
feinstaub,,1616652000,17.646666666666665,9.801666666666668
feinstaub,,1616655600,17.69888888888889,8.02
feinstaub,,1616659200,13.759411764705883,3.863529411764706
feinstaub,,1616662800,10.551052631578948,2.349473684210526
feinstaub,,1616666400,9.952222222222225,1.9488888888888891
feinstaub,,1616670000,9.658095238095237,1.78047619047619
feinstaub,,1616673600,10.091249999999999,1.8183333333333334
feinstaub,,1616677200,11.967916666666667,1.9608333333333332
feinstaub,,1616680800,11.4916,1.9996
feinstaub,,1616684400,11.718333333333335,2.330416666666667
feinstaub,,1616688000,17.2056,4.997599999999999
feinstaub,,1616691600,18.204,3.0347999999999997
feinstaub,,1616695200,16.867083333333333,2.810416666666667
feinstaub,,1616698800,16.1048,2.6675999999999997
feinstaub,,1616702400,12.8376,3.1096
feinstaub,,1616706000,16.08478260869565,9.968260869565215
feinstaub,,1616709600,24.536800000000007,16.4396
feinstaub,,1616713200,22.796521739130434,5.248695652173911
feinstaub,,1616716800,25.618799999999997,4.759599999999999
feinstaub,,1616720400,22.654782608695655,3.7230434782608692
feinstaub,,1616724000,15.1585,2.5524999999999993
feinstaub,,1616727600,14.723333333333334,2.4926666666666666
feinstaub,,1616731200,16.310588235294116,2.6223529411764708
feinstaub,,1616734800,18.000769230769233,3.1246153846153844
feinstaub,,1616738400,18.617142857142856,3.2514285714285713
feinstaub,,1616742000,16.689,3.099
feinstaub,,1616745600,15.045000000000002,2.8039999999999994
feinstaub,,1616749200,16.887,2.8050000000000006
feinstaub,,1616752800,14.653125,2.6506250000000007
feinstaub,,1616756400,14.06625,2.646875
feinstaub,,1616760000,14.31875,2.6993749999999994
feinstaub,,1616763600,16.037777777777777,3.3655555555555554
feinstaub,,1616767200,9.430000000000001,1.9300000000000002
feinstaub,,1616770800,12.056999999999999,2.412
feinstaub,,1616774400,17.104285714285716,2.402857142857143
feinstaub,,1616778000,13.79,2.635
feinstaub,,1616781600,17.1075,2.8425000000000002
feinstaub,,1616785200,7.99625,2.10625
feinstaub,,1616788800,8.804166666666667,2.3783333333333334
feinstaub,,1616792400,10.030000000000001,2.3242857142857143
feinstaub,,1616796000,9.668000000000001,1.8186666666666664
feinstaub,,1616799600,12.712941176470586,2.0088235294117647
feinstaub,,1616803200,11.789473684210526,1.9710526315789467
feinstaub,,1616806800,9.349411764705883,1.6752941176470584
feinstaub,,1616810400,10.117999999999999,1.662
feinstaub,,1616814000,13.02875,2.1475
feinstaub,,1616817600,9.794166666666666,1.6691666666666667
feinstaub,,1616821200,11.916666666666666,2.0455555555555556
feinstaub,,1616824800,11.848333333333334,1.9783333333333335
feinstaub,,1616828400,11.396,2.256
feinstaub,,1616832000,11.070000000000002,2.141666666666667
feinstaub,,1616835600,12.718333333333335,2.545
feinstaub,,1616839200,12.984615384615385,2.6223076923076922
feinstaub,,1616842800,12.435000000000002,2.54875
feinstaub,,1616846400,12.625833333333333,2.9091666666666662
feinstaub,,1616850000,13.534545454545452,3.1636363636363636
feinstaub,,1616853600,10.683000000000002,2.3609999999999998
feinstaub,,1616857200,11.84125,2.2087499999999998
feinstaub,,1616860800,14.99777777777778,2.773333333333333
feinstaub,,1616864400,16.5975,2.8891666666666667
feinstaub,,1616868000,20.255,3.515
feinstaub,,1616871600,21.52875,3.4462500000000005
feinstaub,,1616875200,23.089000000000002,3.4940000000000007
feinstaub,,1616878800,21.835714285714285,3.315714285714286
feinstaub,,1616882400,22.672000000000004,3.1580000000000004
feinstaub,,1616886000,21.719285714285714,2.818571428571429
feinstaub,,1616889600,22.493529411764708,3.1411764705882352
feinstaub,,1616893200,21.59538461538461,3.1061538461538456
feinstaub,,1616896800,20.21076923076923,3.083846153846154
feinstaub,,1616900400,21.23375,3.22375
feinstaub,,1616904000,23.355999999999998,3.6390000000000002
feinstaub,,1616907600,28.28333333333333,4.140000000000001
feinstaub,,1616911200,25.103333333333335,3.9633333333333334
feinstaub,,1616914800,24.131999999999998,3.7380000000000004
feinstaub,,1616918400,24.171666666666667,3.891666666666667
feinstaub,,1616922000,25.868750000000002,3.9962500000000007
feinstaub,,1616925600,20.150000000000002,3.634285714285714
feinstaub,,1616929200,19.072,3.0799999999999996
feinstaub,,1616932800,19.832857142857144,3.4349999999999996
feinstaub,,1616936400,23.199375,3.7612499999999995
feinstaub,,1616940000,28.544999999999995,5.924285714285714
feinstaub,,1616943600,25.14125,4.14625
feinstaub,,1616947200,22.728666666666662,3.7446666666666664
feinstaub,,1616950800,20.58888888888889,3.1777777777777776
feinstaub,,1616954400,20.121052631578948,3.211052631578948
feinstaub,,1616958000,19.244444444444444,3.183333333333333
feinstaub,,1616961600,19.585652173913044,2.9730434782608692
feinstaub,,1616965200,19.973333333333333,3.1124999999999994
feinstaub,,1616968800,20.475416666666664,3.2241666666666666
feinstaub,,1616972400,22.566666666666663,3.526666666666666
feinstaub,,1616976000,24.732399999999995,3.6719999999999997
feinstaub,,1616979600,24.317272727272726,3.838181818181819
feinstaub,,1616983200,25.413333333333338,4.260416666666667
feinstaub,,1616986800,22.6976,4.257999999999999
feinstaub,,1616990400,23.677826086956518,4.444347826086957
feinstaub,,1616994000,24.3428,4.337199999999999
feinstaub,,1616997600,21.219090909090912,3.728636363636363
feinstaub,,1617001200,20.05833333333333,3.921111111111111
feinstaub,,1617004800,18.775714285714287,3.383809523809523
feinstaub,,1617008400,17.36181818181818,3.1404545454545456
feinstaub,,1617012000,17.846521739130434,3.462608695652173
feinstaub,,1617015600,15.168333333333331,3.1425
feinstaub,,1617019200,14.918333333333337,2.953333333333333
feinstaub,,1617022800,14.870416666666666,3.185
feinstaub,,1617026400,13.669583333333334,2.884583333333333
feinstaub,,1617030000,13.39,3.2460000000000004
feinstaub,,1617033600,11.9444,2.5440000000000005
feinstaub,,1617037200,13.24125,2.7204166666666665
feinstaub,,1617040800,12.7772,3.198
feinstaub,,1617044400,15.168,3.7656
feinstaub,,1617048000,17.221666666666668,4.824583333333334
feinstaub,,1617051600,20.1996,6.7791999999999994
feinstaub,,1617055200,33.86583333333334,13.619166666666665
feinstaub,,1617058800,16.905599999999996,5.975200000000001
feinstaub,,1617062400,15.280400000000002,5.7084
feinstaub,,1617066000,16.98470588235294,6.595882352941176
feinstaub,,1617069600,16.95833333333334,6.882916666666667
feinstaub,,1617073200,23.790400000000005,9.292399999999999
feinstaub,,1617076800,24.902916666666666,10.349166666666667
feinstaub,,1617080400,25.940400000000004,10.4876
feinstaub,,1617084000,21.559,8.57
feinstaub,,1617087600,25.719545454545447,10.832272727272727
feinstaub,,1617091200,26.960526315789473,12.27157894736842
feinstaub,,1617094800,22.73708333333333,10.660833333333334
feinstaub,,1617098400,23.555217391304343,11.170000000000002
feinstaub,,1617102000,19.56916666666667,8.562083333333332
feinstaub,,1617105600,19.240400000000005,9.008399999999998
feinstaub,,1617109200,19.13083333333333,9.939583333333331
feinstaub,,1617112800,18.224090909090904,8.194090909090908
feinstaub,,1617116400,15.054999999999998,6.726666666666666
feinstaub,,1617120000,8.557599999999997,3.5292000000000012
feinstaub,,1617123600,11.442799999999998,5.6324000000000005
feinstaub,,1617127200,15.066249999999998,7.254166666666667
feinstaub,,1617130800,15.856,6.287999999999999
feinstaub,,1617134400,20.529200000000007,8.9016
feinstaub,,1617138000,13.572083333333332,5.4175
feinstaub,,1617141600,12.5676,4.9148000000000005
feinstaub,,1617145200,13.4404,5.1236
feinstaub,,1617148800,13.606250000000001,5.4375
feinstaub,,1617152400,14.00157894736842,6.755263157894737
feinstaub,,1617156000,13.839599999999997,6.379599999999999
feinstaub,,1617159600,13.179583333333333,6.3500000000000005
feinstaub,,1617163200,18.243199999999998,8.2268
feinstaub,,1617166800,29.520416666666666,12.812083333333332
feinstaub,,1617170400,39.71636363636364,17.974999999999998
feinstaub,,1617174000,42.50818181818182,20.544090909090905
feinstaub,,1617177600,53.87772727272726,28.754090909090916
feinstaub,,1617181200,48.690869565217376,26.852173913043476
feinstaub,,1617184800,47.42090909090908,28.55181818181818
feinstaub,,1617188400,20.933600000000002,10.926799999999998
feinstaub,,1617192000,11.110416666666666,3.807499999999999
feinstaub,,1617195600,9.960000000000003,3.1636363636363636
feinstaub,,1617199200,13.053199999999999,3.7983999999999996
feinstaub,,1617202800,14.496666666666668,4.8062499999999995
feinstaub,,1617206400,13.214400000000001,4.8936
feinstaub,,1617210000,18.966666666666665,8.320416666666667
feinstaub,,1617213600,16.08375,6.609583333333334
feinstaub,,1617217200,33.35695652173912,15.313913043478262
feinstaub,,1617220800,24.267999999999997,10.155999999999999
feinstaub,,1617224400,28.656800000000004,13.8244
feinstaub,,1617228000,36.235833333333325,20.676249999999996
feinstaub,,1617231600,30.40160000000001,15.631599999999999
feinstaub,,1617235200,25.206956521739134,13.786521739130436
feinstaub,,1617238800,21.164800000000003,10.785600000000002
feinstaub,,1617242400,19.882800000000003,10.354
feinstaub,,1617246000,23.05333333333333,12.876666666666665
feinstaub,,1617249600,45.34041666666666,25.015833333333333
feinstaub,,1617253200,81.35304347826086,39.754347826086956
feinstaub,,1617256800,95.32428571428571,48.43904761904761
feinstaub,,1617260400,112.48772727272726,54.11136363636363
feinstaub,,1617264000,104.77368421052631,47.957894736842114
feinstaub,,1617267600,69.23695652173915,30.364347826086963
feinstaub,,1617271200,45.84136363636364,13.113181818181816
feinstaub,,1617274800,30.439999999999994,7.038695652173913
feinstaub,,1617278400,24.14909090909091,4.225909090909091
feinstaub,,1617282000,16.820000000000004,3.279583333333333
feinstaub,,1617285600,20.319565217391304,3.5578260869565206
feinstaub,,1617289200,25.902,5.137199999999999
feinstaub,,1617292800,25.033749999999998,5.265
feinstaub,,1617296400,25.5676,4.6964
feinstaub,,1617300000,26.76869565217391,4.643478260869564
feinstaub,,1617303600,29.355000000000004,6.110833333333333
feinstaub,,1617307200,25.162499999999998,4.85
feinstaub,,1617310800,17.186000000000003,3.9804000000000004
feinstaub,,1617314400,17.177083333333332,3.966666666666667
feinstaub,,1617318000,15.2212,3.5463999999999998
feinstaub,,1617321600,14.3464,3.324
feinstaub,,1617325200,14.671904761904763,3.251904761904763
feinstaub,,1617328800,13.786,2.5087999999999995
feinstaub,,1617332400,12.775,2.200416666666667
feinstaub,,1617336000,13.535599999999999,2.3024
feinstaub,,1617339600,13.245833333333335,2.2720833333333323
feinstaub,,1617343200,12.623809523809525,2.2371428571428575
feinstaub,,1617346800,16.876250000000002,3.692083333333334
feinstaub,,1617350400,15,3.3037499999999995
feinstaub,,1617354000,13.431199999999997,2.214
feinstaub,,1617357600,13.81916666666667,2.554583333333333
feinstaub,,1617361200,13.204000000000002,3.264000000000001
feinstaub,,1617364800,12.307599999999997,2.6224000000000007
feinstaub,,1617368400,12.227916666666667,2.6620833333333334
feinstaub,,1617372000,12.3456,3.6180000000000003
feinstaub,,1617375600,10.0776,2.3979999999999992
feinstaub,,1617379200,11.918750000000001,2.7883333333333336
feinstaub,,1617382800,12.203199999999999,3.2607999999999997
feinstaub,,1617386400,12.888000000000002,3.7199999999999993
feinstaub,,1617390000,12.332916666666668,3.10875
feinstaub,,1617393600,11.2416,2.7303999999999995
feinstaub,,1617397200,9.2772,1.9627999999999997
feinstaub,,1617400800,11.867083333333333,2.5591666666666666
feinstaub,,1617404400,15.776399999999999,3.822399999999999
feinstaub,,1617408000,20.104166666666668,4.550000000000001
feinstaub,,1617411600,23.292,4.9565
feinstaub,,1617415200,24.602500000000003,4.80875
feinstaub,,1617418800,27.407600000000006,4.285200000000001
feinstaub,,1617422400,28.584166666666665,4.44875
feinstaub,,1617426000,27.361200000000004,4.1452
feinstaub,,1617429600,25.719090909090905,4.015
feinstaub,,1617433200,27.400833333333328,4.804166666666667
feinstaub,,1617436800,24.01347826086957,4.383478260869565
feinstaub,,1617440400,23.901739130434777,4.331739130434784
feinstaub,,1617444000,23.199599999999997,4.162400000000002
feinstaub,,1617447600,24.272800000000004,4.555199999999999
feinstaub,,1617451200,25.268400000000007,5.5196000000000005
feinstaub,,1617454800,23.2375,4.913333333333333
feinstaub,,1617458400,24.2132,5.395600000000001
feinstaub,,1617462000,23.5308,4.2871999999999995
feinstaub,,1617465600,23.935000000000002,4.145416666666666
feinstaub,,1617469200,25.089599999999997,4.777999999999999
feinstaub,,1617472800,26.602399999999992,4.46
feinstaub,,1617476400,28.469565217391303,4.89304347826087
feinstaub,,1617480000,29.330799999999996,5.6008
feinstaub,,1617483600,20.745200000000004,3.9472000000000005
feinstaub,,1617487200,20.428800000000003,3.894800000000001
feinstaub,,1617490800,19.966666666666665,3.8145833333333328
feinstaub,,1617494400,21.252799999999997,3.9636
feinstaub,,1617498000,18.613333333333333,3.8800000000000003
feinstaub,,1617501600,19.1348,3.8848
feinstaub,,1617505200,21.6725,4.274166666666666
feinstaub,,1617508800,20.5452,4.0008
feinstaub,,1617512400,21.071052631578947,3.9978947368421056
feinstaub,,1617516000,20.604999999999997,5.694
feinstaub,,1617519600,24.248125,7.526249999999999
feinstaub,,1617523200,21.445789473684204,5.517894736842105
feinstaub,,1617526800,18.293333333333333,4.8625
feinstaub,,1617530400,17.049545454545452,5.034545454545455
feinstaub,,1617534000,18.3705,5.8610000000000015
feinstaub,,1617537600,19.51272727272727,7.63909090909091
feinstaub,,1617541200,21.2095652173913,8.271739130434781
feinstaub,,1617544800,20.902916666666666,7.359166666666667
feinstaub,,1617548400,20.9752,6.264399999999999
feinstaub,,1617552000,16.574799999999996,4.5496
feinstaub,,1617555600,19.751250000000002,4.86
feinstaub,,1617559200,23.678333333333327,5.785833333333333
feinstaub,,1617562800,26.432,6.582000000000001
feinstaub,,1617566400,30.0112,7.6196
feinstaub,,1617570000,29.689999999999998,8.657083333333333
feinstaub,,1617573600,30.371199999999998,9.487999999999998
feinstaub,,1617577200,26.78958333333333,8.814583333333333
feinstaub,,1617580800,27.054000000000002,9.046
feinstaub,,1617584400,25.604583333333338,8.65875
feinstaub,,1617588000,24.780869565217387,8.931739130434783
feinstaub,,1617591600,23.473913043478266,9.170434782608696
feinstaub,,1617595200,24.036800000000003,10.39
feinstaub,,1617598800,21.93333333333333,9.741904761904761
feinstaub,,1617602400,16.222727272727273,3.8536363636363644
feinstaub,,1617606000,10.593076923076925,2.3392307692307686
feinstaub,,1617609600,13.473529411764705,3.016470588235294
feinstaub,,1617613200,13.053636363636365,2.5890909090909093
feinstaub,,1617616800,11.75782608695652,2.779130434782609
feinstaub,,1617620400,10.035454545454543,2.2500000000000004
feinstaub,,1617624000,8.88125,2.876666666666667
feinstaub,,1617627600,6.1,1.949545454545455
feinstaub,,1617631200,5.208636363636364,1.4495454545454547
feinstaub,,1617634800,5.369565217391305,1.0847826086956522
feinstaub,,1617638400,3.974761904761904,0.9800000000000001
feinstaub,,1617642000,4.2061111111111105,1.046111111111111
feinstaub,,1617645600,4.016666666666667,0.8994444444444445
feinstaub,,1617649200,8.99,2.9166666666666665
feinstaub,,1617652800,6.578461538461539,2.5700000000000003
feinstaub,,1617656400,6.384545454545455,1.4309090909090907
feinstaub,,1617660000,5.6943478260869576,1.5095652173913046
feinstaub,,1617663600,5.1065,1.3815000000000002
feinstaub,,1617667200,5.934583333333333,1.3599999999999997
feinstaub,,1617670800,5.980434782608694,1.317826086956522
feinstaub,,1617674400,7.203181818181819,1.4636363636363634
feinstaub,,1617678000,7.144583333333334,1.4662500000000003
feinstaub,,1617681600,8.646399999999998,1.612
feinstaub,,1617685200,9.518333333333333,1.7437500000000001
feinstaub,,1617688800,11.62590909090909,2.1350000000000002
feinstaub,,1617692400,9.926190476190476,2.147619047619048
feinstaub,,1617696000,18.955454545454543,3.3736363636363635
feinstaub,,1617699600,7.71695652173913,1.803478260869565
feinstaub,,1617703200,6.419166666666666,1.2629166666666665
feinstaub,,1617706800,5.320833333333335,1.2795833333333333
feinstaub,,1617710400,5.5192,1.2244
feinstaub,,1617714000,5.1552173913043475,1.18
feinstaub,,1617717600,5.311599999999999,1.0444
feinstaub,,1617721200,6.201666666666667,1.2187500000000002
feinstaub,,1617724800,9.11875,2.148333333333333
feinstaub,,1617728400,6.356000000000002,1.4928
feinstaub,,1617732000,7.432799999999999,2.1404
feinstaub,,1617735600,10.31,3.108333333333333
feinstaub,,1617739200,8.627199999999998,1.7627999999999995
feinstaub,,1617742800,6.621600000000001,1.7256000000000002
feinstaub,,1617746400,6.118260869565217,1.518695652173913
feinstaub,,1617750000,5.890399999999999,2.0303999999999998
feinstaub,,1617753600,6.317199999999999,2.4052000000000002
feinstaub,,1617757200,5.465,2.4500000000000006
feinstaub,,1617760800,6.0056,2.426
feinstaub,,1617764400,8.284,3.6371999999999995
feinstaub,,1617768000,9.850416666666666,4.7
feinstaub,,1617771600,8.4844,3.5312000000000006
feinstaub,,1617775200,8.119200000000001,2.5711999999999993
feinstaub,,1617778800,7.353478260869566,1.9808695652173913
feinstaub,,1617782400,8.717826086956524,2.11695652173913
feinstaub,,1617786000,6.2627272727272745,1.5813636363636363
feinstaub,,1617789600,6.189130434782609,1.6217391304347826
feinstaub,,1617793200,6.8075,1.3537499999999998
feinstaub,,1617796800,7.432083333333335,1.7995833333333333
feinstaub,,1617800400,7.081999999999999,1.6751999999999998
feinstaub,,1617804000,7.078333333333332,1.4570833333333333
feinstaub,,1617807600,6.892799999999999,1.804
feinstaub,,1617811200,6.241666666666667,1.5495833333333333
feinstaub,,1617814800,11.1904,2.1628
feinstaub,,1617818400,9.3672,3.2672000000000003
feinstaub,,1617822000,15.550434782608692,6.3326086956521745
feinstaub,,1617825600,11.592000000000002,4.459599999999999
feinstaub,,1617829200,11.295999999999998,3.929199999999999
feinstaub,,1617832800,9.330434782608695,3.415652173913044
feinstaub,,1617836400,7.2028,2.4848000000000003
feinstaub,,1617840000,6.585199999999999,2.1276000000000006
feinstaub,,1617843600,7.586500000000001,2.2754999999999996
feinstaub,,1617847200,6.8960869565217395,2.3530434782608696
feinstaub,,1617850800,8.447916666666666,2.5775
feinstaub,,1617854400,8.091999999999999,2.62
feinstaub,,1617858000,9.155833333333334,2.9116666666666666
feinstaub,,1617861600,11.705199999999998,3.7812
feinstaub,,1617865200,10.888260869565217,3.0478260869565217
feinstaub,,1617868800,6.796363636363637,1.771363636363636
feinstaub,,1617872400,7.750588235294117,2.1752941176470593
feinstaub,,1617876000,6.195714285714285,1.8266666666666662
feinstaub,,1617879600,8.583043478260867,3.23695652173913
feinstaub,,1617883200,6.926666666666667,1.7679166666666666
feinstaub,,1617886800,6.782916666666668,1.8050000000000004
feinstaub,,1617890400,7.736400000000002,2.0888
feinstaub,,1617894000,8.5752,2.2768
feinstaub,,1617897600,9.390799999999999,2.7168
feinstaub,,1617901200,8.945416666666668,2.4370833333333333
feinstaub,,1617904800,10.578400000000004,3.2892000000000006
feinstaub,,1617908400,9.1876,2.4088000000000007
feinstaub,,1617912000,9.019166666666669,2.8691666666666666
feinstaub,,1617915600,10.0124,3.1667999999999994
feinstaub,,1617919200,10.1924,3.4036
feinstaub,,1617922800,12.113333333333332,4.644166666666665
feinstaub,,1617926400,10.733999999999998,4.216399999999998
feinstaub,,1617930000,11.131000000000002,4.240500000000001
feinstaub,,1617933600,10.986,4.531599999999999
feinstaub,,1617937200,11.473749999999997,5.201666666666667
feinstaub,,1617940800,12.714800000000002,5.348800000000001
feinstaub,,1617944400,14.4508,6.605999999999999
feinstaub,,1617948000,17.798399999999997,8.212
feinstaub,,1617951600,13.608947368421049,5.67157894736842
feinstaub,,1617955200,7.709166666666667,2.695416666666667
feinstaub,,1617958800,6.337333333333332,1.948666666666667
feinstaub,,1617962400,4.69,0.9991304347826089
feinstaub,,1617966000,3.966500000000001,1.147
feinstaub,,1617969600,4.3196,1.1527999999999998
feinstaub,,1617973200,4.985600000000001,1.2808000000000002
feinstaub,,1617976800,4.996250000000001,1.2162499999999998
feinstaub,,1617980400,6.032399999999999,1.7596
feinstaub,,1617984000,12.6692,2.5324
feinstaub,,1617987600,9.255,3.2916666666666674
feinstaub,,1617991200,13.616399999999999,6.225599999999999
feinstaub,,1617994800,9.4232,3.6108
feinstaub,,1617998400,14.482500000000002,7.757083333333333
feinstaub,,1618002000,22.228,13.0372
feinstaub,,1618005600,21.654,12.7332
feinstaub,,1618009200,28.424799999999994,12.1884
feinstaub,,1618012800,25.058333333333326,9.553749999999999
feinstaub,,1618016400,20.757142857142856,6.723809523809523
feinstaub,,1618020000,20.497916666666672,5.600833333333335
feinstaub,,1618023600,17.3172,4.695200000000001
feinstaub,,1618027200,17.18083333333333,5.2275
feinstaub,,1618030800,20.4912,7.118399999999999
feinstaub,,1618034400,22.445999999999998,6.2588
feinstaub,,1618038000,22.73260869565218,5.870869565217391
feinstaub,,1618041600,20.942608695652176,4.76
feinstaub,,1618045200,22.16,6.94764705882353
feinstaub,,1618048800,22.86583333333333,5.949166666666667
feinstaub,,1618052400,22.851,6.035500000000001
feinstaub,,1618056000,13.530869565217392,2.923478260869565
feinstaub,,1618059600,10.4528,2.6327999999999996
feinstaub,,1618063200,9.581199999999999,2.42
feinstaub,,1618066800,12.56083333333333,2.873333333333333
feinstaub,,1618070400,13.727599999999997,2.9788
feinstaub,,1618074000,13.6524,2.924
feinstaub,,1618077600,17.044583333333332,3.69
feinstaub,,1618081200,15.348000000000003,3.6
feinstaub,,1618084800,14.7128,3.4292000000000002
feinstaub,,1618088400,15.748000000000005,3.5084000000000004
feinstaub,,1618092000,16.727500000000003,2.9625
feinstaub,,1618095600,11.8452,2.0955999999999997
feinstaub,,1618099200,10.882083333333334,1.9616666666666662
feinstaub,,1618102800,10.977083333333333,1.8816666666666666
feinstaub,,1618106400,9.248333333333333,1.7325
feinstaub,,1618110000,8.06608695652174,1.518260869565217
feinstaub,,1618113600,7.92625,1.6075
feinstaub,,1618117200,8.209444444444442,1.857777777777778
feinstaub,,1618120800,8.174166666666666,2.0083333333333333
feinstaub,,1618124400,7.008571428571429,1.8185714285714287
feinstaub,,1618128000,6.424285714285714,1.5185714285714285
feinstaub,,1618131600,9.288333333333332,2.911666666666667
feinstaub,,1618135200,5.260833333333333,1.2733333333333332
feinstaub,,1618138800,5.224285714285714,1.3499999999999999
feinstaub,,1618142400,4.243529411764705,1.161764705882353
feinstaub,,1618146000,4.649999999999999,1.2417647058823524
feinstaub,,1618149600,4.328333333333332,1.2872222222222218
feinstaub,,1618153200,4.54875,1.4331250000000002
feinstaub,,1618156800,5.20909090909091,1.6036363636363637
feinstaub,,1618160400,5.873636363636364,1.762727272727272
feinstaub,,1618164000,4.937142857142858,1.7942857142857138
feinstaub,,1618167600,6.373333333333332,2.8266666666666667
feinstaub,,1618171200,9.267777777777777,4.202222222222222
feinstaub,,1618174800,7.854285714285715,4.668571428571428
feinstaub,,1618178400,13.121538461538462,7.3999999999999995
feinstaub,,1618182000,14.965294117647058,8.506470588235295
feinstaub,,1618185600,16.387500000000003,9.546666666666667
feinstaub,,1618189200,16.5375,9.66
feinstaub,,1618192800,16.073333333333334,9.474166666666665
feinstaub,,1618196400,14.581999999999999,8.594
feinstaub,,1618200000,15.771999999999997,8.892
feinstaub,,1618203600,16.62666666666667,9.943333333333333
feinstaub,,1618207200,14.905000000000001,8.0875
feinstaub,,1618210800,14.15,7.77
feinstaub,,1618214400,14.07,6.3
feinstaub,,1618218000,8.625,3.51
feinstaub,,1618221600,6.073636363636362,2.6845454545454546
feinstaub,,1618225200,6.190833333333334,1.7258333333333333
feinstaub,,1618228800,6.164375,1.8212499999999998
feinstaub,,1618232400,4.8999999999999995,1.6095454545454544
feinstaub,,1618236000,5.819,1.9680000000000004
feinstaub,,1618239600,6.272857142857142,1.9066666666666667
feinstaub,,1618243200,6.749411764705881,2.1982352941176475
feinstaub,,1618246800,8.051052631578948,2.655263157894737
feinstaub,,1618250400,7.665789473684209,2.857368421052632
feinstaub,,1618254000,15.73875,6.50125
feinstaub,,1618257600,34.13333333333333,12.83266666666667
feinstaub,,1618261200,16.134285714285713,6.7007142857142865
feinstaub,,1618264800,19.652727272727272,6.98909090909091
feinstaub,,1618268400,15.469999999999997,6.411578947368421
feinstaub,,1618272000,16.054347826086957,6.707391304347826
feinstaub,,1618275600,15.72904761904762,6.948571428571429
feinstaub,,1618279200,17.094761904761906,7.666666666666667
feinstaub,,1618282800,15.255833333333333,6.907916666666666
feinstaub,,1618286400,14.839473684210523,7.388947368421052
feinstaub,,1618290000,15.857826086956523,7.2413043478260875
feinstaub,,1618293600,20.751,8.632000000000001
feinstaub,,1618297200,17.452,7.165999999999999
feinstaub,,1618300800,17.788888888888888,6.559444444444444
feinstaub,,1618304400,14.26785714285714,5.445714285714286
feinstaub,,1618308000,10.17625,3.33875
feinstaub,,1618311600,14.594999999999999,8.2925
feinstaub,,1618315200,8.0325,3.658333333333333
feinstaub,,1618318800,11.673,6.007
feinstaub,,1618322400,11.350000000000001,5.538
feinstaub,,1618326000,9.401249999999997,4.464583333333334
feinstaub,,1618329600,9.377200000000002,4.3344000000000005
feinstaub,,1618333200,14.539166666666668,7.258333333333333
feinstaub,,1618336800,10.925238095238097,4.978095238095239
feinstaub,,1618340400,15.875499999999999,8.3985
feinstaub,,1618344000,22.22941176470588,10.816470588235292
feinstaub,,1618347600,25.728695652173908,13.508695652173913
feinstaub,,1618351200,24.958499999999997,12.7345
feinstaub,,1618354800,21.812799999999996,12.046800000000001
feinstaub,,1618358400,22.721304347826084,12.701304347826087
feinstaub,,1618362000,23.924,13.358399999999996
feinstaub,,1618365600,24.909583333333334,13.628333333333332
feinstaub,,1618369200,24.72666666666666,13.439999999999998
feinstaub,,1618372800,26.010399999999994,14.235999999999997
feinstaub,,1618376400,26.003600000000002,14.1052
feinstaub,,1618380000,26.83652173913044,14.161739130434782
feinstaub,,1618383600,22.155,12.095
feinstaub,,1618387200,21.594545454545454,12.265000000000002
feinstaub,,1618390800,14.384999999999996,7.006875
feinstaub,,1618394400,13.511428571428572,6.749999999999998
feinstaub,,1618398000,9.35086956521739,4.496086956521739
feinstaub,,1618401600,10.235416666666666,4.157500000000001
feinstaub,,1618405200,8.720555555555556,3.4649999999999994
feinstaub,,1618408800,9.073181818181817,3.145
feinstaub,,1618412400,7.653599999999999,2.3804000000000003
feinstaub,,1618416000,6.799999999999999,2.1036
feinstaub,,1618419600,7.03,1.835
feinstaub,,1618423200,5.486799999999999,1.3684000000000003
feinstaub,,1618426800,7.068,1.8528
feinstaub,,1618430400,7.991666666666666,1.6379166666666665
feinstaub,,1618434000,9.485599999999998,1.9744000000000002
feinstaub,,1618437600,10.035599999999999,1.7932000000000001
feinstaub,,1618441200,11.354166666666664,2.1704166666666667
feinstaub,,1618444800,10.050434782608695,2.2052173913043482
feinstaub,,1618448400,9.43611111111111,2.016666666666667
feinstaub,,1618452000,10.192727272727272,1.9909090909090912
feinstaub,,1618455600,12.880454545454546,3.638636363636364
feinstaub,,1618459200,10.827333333333334,2.954
feinstaub,,1618462800,10.073333333333332,2.8609523809523814
feinstaub,,1618466400,10.181999999999999,2.495
feinstaub,,1618470000,8.474285714285715,1.882857142857143
feinstaub,,1618473600,7.8275,1.3225000000000002
feinstaub,,1618477200,6.439,1.0979999999999999
feinstaub,,1618480800,6.729000000000001,1.2879999999999998
feinstaub,,1618484400,7.055999999999999,1.4445000000000001
feinstaub,,1618488000,5.892777777777777,1.268333333333333
feinstaub,,1618491600,7.338823529411764,1.1470588235294117
feinstaub,,1618495200,11.455499999999999,2.1734999999999998
feinstaub,,1618498800,9.959999999999999,1.8661904761904762
feinstaub,,1618502400,8.205833333333333,1.8200000000000005
feinstaub,,1618506000,10.754000000000001,2.4664000000000006
feinstaub,,1618509600,11.15,2.5087999999999995
feinstaub,,1618513200,19.38625,5.065833333333333
feinstaub,,1618516800,18.0452,4.714799999999999
feinstaub,,1618520400,21.33,5.78
feinstaub,,1618524000,21.33,5.78
feinstaub,,1618527600,21.33,5.78
feinstaub,,1618531200,21.33,5.78
feinstaub,,1618534800,13.945294117647057,4.368823529411765
feinstaub,,1618538400,13.025599999999999,4.577999999999999
feinstaub,,1618542000,15.71875,6.0804166666666655
feinstaub,,1618545600,17.572400000000005,7.2648
feinstaub,,1618549200,22.0068,10.3748
feinstaub,,1618552800,24.713478260869564,13.223478260869562
feinstaub,,1618556400,19.49111111111111,9.446111111111112
feinstaub,,1618560000,33.81117647058824,9.555882352941174
feinstaub,,1618563600,45.92166666666666,6.704999999999999
feinstaub,,1618567200,25.64941176470588,3.7052941176470586
feinstaub,,1618570800,9.078333333333333,3.005
feinstaub,,1618574400,9.197692307692307,3.0346153846153845
feinstaub,,1618578000,8.1868,2.342
feinstaub,,1618581600,10.08875,3.8062500000000004
feinstaub,,1618585200,10.08875,3.8062500000000004
feinstaub,,1618588800,10.08875,3.8062500000000004
feinstaub,,1618592400,10.08875,3.8062500000000004
feinstaub,,1618596000,10.08875,3.8062500000000004
feinstaub,,1618599600,10.08875,3.8062500000000004
feinstaub,,1618603200,10.08875,3.8062500000000004
feinstaub,,1618606800,10.08875,3.8062500000000004
feinstaub,,1618610400,10.08875,3.8062500000000004
feinstaub,,1618614000,10.08875,3.8062500000000004
feinstaub,,1618617600,10.08875,3.8062500000000004
feinstaub,,1618621200,10.08875,3.8062500000000004
feinstaub,,1618624800,10.08875,3.8062500000000004
feinstaub,,1618628400,10.08875,3.8062500000000004
feinstaub,,1618632000,10.08875,3.8062500000000004
feinstaub,,1618635600,10.08875,3.8062500000000004
feinstaub,,1618639200,10.08875,3.8062500000000004
feinstaub,,1618642800,10.08875,3.8062500000000004
feinstaub,,1618646400,10.08875,3.8062500000000004
feinstaub,,1618650000,10.08875,3.8062500000000004
feinstaub,,1618653600,10.08875,3.8062500000000004
feinstaub,,1618657200,10.08875,3.8062500000000004
feinstaub,,1618660800,10.08875,3.8062500000000004
feinstaub,,1618664400,10.08875,3.8062500000000004
feinstaub,,1618668000,10.08875,3.8062500000000004
feinstaub,,1618671600,10.08875,3.8062500000000004
feinstaub,,1618675200,10.08875,3.8062500000000004
feinstaub,,1618678800,10.08875,3.8062500000000004
feinstaub,,1618682400,10.08875,3.8062500000000004
feinstaub,,1618686000,10.08875,3.8062500000000004
feinstaub,,1618689600,10.08875,3.8062500000000004
feinstaub,,1618693200,10.08875,3.8062500000000004
feinstaub,,1618696800,10.08875,3.8062500000000004
feinstaub,,1618700400,10.08875,3.8062500000000004
feinstaub,,1618704000,10.08875,3.8062500000000004
feinstaub,,1618707600,10.08875,3.8062500000000004
feinstaub,,1618711200,10.08875,3.8062500000000004
feinstaub,,1618714800,10.08875,3.8062500000000004
feinstaub,,1618718400,10.08875,3.8062500000000004
feinstaub,,1618722000,10.08875,3.8062500000000004
feinstaub,,1618725600,10.08875,3.8062500000000004
feinstaub,,1618729200,10.08875,3.8062500000000004
feinstaub,,1618732800,10.08875,3.8062500000000004
feinstaub,,1618736400,10.08875,3.8062500000000004
feinstaub,,1618740000,10.08875,3.8062500000000004
feinstaub,,1618743600,10.08875,3.8062500000000004
feinstaub,,1618747200,10.08875,3.8062500000000004
feinstaub,,1618750800,10.08875,3.8062500000000004
feinstaub,,1618754400,10.08875,3.8062500000000004
feinstaub,,1618758000,10.08875,3.8062500000000004
feinstaub,,1618761600,10.08875,3.8062500000000004
feinstaub,,1618765200,10.08875,3.8062500000000004
feinstaub,,1618768800,10.08875,3.8062500000000004
feinstaub,,1618772400,10.08875,3.8062500000000004
